K1  
  1  1  0  0  0  0
      45     950
      41     850
     -62    -950
     -70    -950
      41      80
Bay of Fundy                                      
      0      0      0      0      0      0      0      0      0      0
      0      0      0      0      0      0      0      0      0      0
      0      0      0      0      0      0      0      0      0      0
      0      0      0      0      0      0      0      0      0      0
      0      0      0      0      0      0      0      0      0      0
      0      0      0      0      0      0      0      0      0      0
      0      0      0   -182      0      0      0      0      0      0
      0      0      0      0      0      0      0      0      0      0
      0      0      0      0      0      0      0      0      0      0
      0      0      0      0      0      0      0      0      0      0
      0      0      0      0      0      0      0      0      0      0
      0      0      0      0      0      0      0      0      0      0
      0      0      0      0      0      0      0      0      0      0
      0      0      0      0      0      0      0      0      0      0
      0      0      0      0      0   -183      0      0      0      0
      0      0      0      0      0      0      0      0      0      0
      0      0      0      0      0      0      0      0      0      0
      0      0      0      0      0      0      0      0      0      0
      0      0      0      0      0      0      0      0      0      0
      0      0      0      0      0      0      0      0      0      0
      0      0      0      0      0      0      0      0      0      0
      0      0      0      0      0      0      0      0      0      0
      0      0      0   -183   -184      0      0      0      0      0
      0      0      0      0      0      0      0      0      0      0
      0      0      0      0      0      0      0      0      0      0
      0      0      0      0      0      0      0      0      0      0
      0      0      0      0      0      0      0      0      0      0
      0      0      0      0      0      0      0      0      0      0
      0      0      0      0      0      0      0      0      0      0
      0      0      0      0      0      0      0      0      0      0
   -179   -181   -182   -184      0      0      0      0      0      0
      0      0      0      0      0      0      0      0      0      0
      0      0      0      0      0      0      0      0      0      0
      0      0      0      0      0      0      0      0      0      0
      0      0      0      0      0      0      0      0      0      0
      0      0      0      0      0      0      0      0      0      0
      0      0      0      0      0      0      0      0      0      0
      0      0      0      0      0      0      0      0   -176   -178
   -180      0      0      0      0      0      0      0      0      0
      0      0      0      0      0      0      0      0      0      0
      0      0      0      0      0      0      0      0      0      0
      0      0      0      0      0      0      0      0      0      0
      0      0      0      0      0      0      0      0      0      0
      0      0      0      0      0      0      0      0      0      0
      0      0      0      0      0      0      0      0      0      0
      0      0      0      0      0   -170   -172   -175   -177   -179
      0      0      0   -187      0      0      0      0   -185      0
      0      0      0      0      0      0      0      0      0      0
      0      0      0      0      0      0      0      0      0      0
      0      0      0      0      0      0      0      0      0      0
      0      0      0      0      0      0      0      0      0      0
      0      0      0      0      0      0      0      0      0      0
      0      0      0      0      0      0      0      0      0      0
      0      0      0   -167   -169   -170   -172   -176   -178   -181
   -183   -187   -189   -188   -187      0   -182   -181   -179   -176
   -173      0      0      0      0      0      0      0      0      0
      0      0      0      0      0      0      0      0      0      0
      0      0      0      0      0      0      0      0      0      0
      0      0      0      0      0      0      0      0      0      0
      0      0      0      0      0      0      0      0      0      0
      0      0      0      0      0      0      0      0   -158   -160
   -162   -163   -165   -167   -169   -171   -174   -177   -180   -183
   -186   -190   -193      0      0      0   -173   -173      0      0
      0      0      0      0      0      0      0      0      0      0
      0      0      0      0      0      0      0      0      0      0
      0      0      0      0      0      0      0      0      0      0
      0      0      0      0      0      0      0      0      0      0
      0      0      0      0      0      0      0      0   -150   -151
      0      0      0   -152   -153      0   -155   -156   -157   -159
   -161   -162   -164   -166   -169   -171   -174   -178   -180   -183
      0      0      0      0      0      0      0   -162      0      0
      0      0      0      0      0      0      0      0      0      0
      0      0      0      0      0      0      0      0      0      0
      0      0      0      0      0      0      0      0      0      0
      0      0      0      0      0      0      0      0      0      0
      0      0      0      0      0      0      0      0      0      0
   -151   -151   -151   -152   -152   -152   -154   -155   -156   -158
   -159   -160   -162   -165   -167   -170   -173   -176      0      0
      0      0      0      0      0      0      0      0      0      0
      0      0      0      0      0      0      0      0      0      0
      0      0      0      0      0      0      0      0      0      0
      0      0      0      0      0      0      0      0      0      0
      0      0      0      0      0      0      0      0      0      0
      0      0      0      0      0      0      0      0   -148      0
   -149   -149   -150   -150   -151   -152   -153   -154   -155   -155
   -156   -158   -160   -162   -165   -168      0      0      0      0
      0      0      0      0      0      0      0      0      0      0
      0      0      0      0      0      0      0      0      0      0
      0      0      0      0      0      0      0      0      0      0
      0      0      0      0      0      0      0      0      0      0
      0      0      0      0      0      0      0      0      0      0
      0      0      0      0      0      0      0      0      0      0
   -148   -148   -149   -149   -150   -150   -151   -151   -152   -152
   -153   -155   -157   -160      0      0      0      0      0      0
      0      0      0      0      0      0      0      0      0      0
      0      0      0      0      0      0      0      0      0      0
      0      0      0      0      0      0      0      0      0      0
      0      0      0      0      0      0      0      0      0      0
      0      0      0      0      0      0      0      0      0      0
      0      0      0      0      0      0      0      0   -147   -147
   -147      0   -147   -148   -148   -148   -148   -148   -149   -149
   -150   -152      0      0      0      0      0      0      0      0
      0      0      0      0      0      0      0      0      0      0
      0      0      0      0      0      0      0      0      0      0
      0      0      0      0      0      0      0      0      0      0
      0      0      0      0      0      0      0      0      0      0
      0      0      0      0      0      0      0      0      0      0
      0      0      0      0   -146      0      0   -146   -146   -146
      0   -146   -147   -147   -147   -147   -146   -146   -146   -147
      0      0      0      0      0      0      0      0      0      0
      0      0      0      0      0      0      0      0      0      0
      0      0      0      0      0      0      0      0      0      0
      0      0      0      0      0      0      0      0      0      0
      0      0      0      0      0      0      0      0      0      0
      0   -143      0      0   -144      0      0   -144      0      0
      0      0   -145      0   -145   -145   -145   -145   -146   -146
   -146   -146   -146   -146   -146   -146   -145   -145      0   -146
      0      0      0      0      0      0      0      0      0      0
      0      0      0      0      0      0      0      0      0      0
      0      0      0      0      0      0      0      0      0      0
      0      0      0      0      0      0      0      0      0      0
      0      0      0      0      0      0      0      0      0      0
   -143      0      0      0   -143   -143      0      0      0      0
      0   -144   -144   -144   -145   -145   -145   -145   -145   -145
   -145   -145   -145   -145   -145   -145   -145      0   -145      0
      0      0      0      0      0      0      0      0      0      0
      0      0      0      0      0      0      0      0      0      0
      0      0      0      0      0      0      0      0      0      0
      0      0      0      0      0      0      0      0      0      0
      0      0      0      0      0      0      0      0      0      0
      0   -143      0      0   -143      0   -143   -143   -143   -142
   -142   -143   -143   -143   -143   -144   -144   -144   -144   -144
   -144   -144   -144   -144   -144   -144      0   -144      0      0
      0      0      0      0      0      0      0      0      0      0
      0      0      0      0      0      0      0      0      0      0
      0      0      0      0      0      0      0      0      0      0
      0      0      0      0      0      0      0      0      0      0
      0      0      0      0      0      0      0      0      0   -143
   -143   -143      0   -142   -142   -142   -142   -141   -141   -141
   -141   -141   -142   -142   -142   -142   -142   -142   -142   -142
   -142   -142   -143   -143   -143   -143   -143   -144      0      0
      0      0      0      0      0      0      0      0      0      0
      0      0      0      0      0      0      0      0      0      0
      0      0      0      0      0      0      0      0      0      0
      0      0      0      0      0      0      0      0      0      0
      0      0      0      0      0      0      0      0   -143   -143
   -142   -142   -141   -141   -141   -141   -140   -140   -140   -139
   -140   -140   -140   -141   -140   -139   -140   -140   -140   -140
   -140   -141   -141   -142   -141   -141   -142      0      0      0
      0      0      0      0      0      0      0      0      0      0
      0      0      0      0      0      0      0      0      0      0
      0      0      0      0      0      0      0      0      0      0
      0      0      0      0      0      0      0      0      0      0
      0      0      0      0      0      0      0      0   -142   -141
   -141   -141   -140   -140   -139   -138   -138   -138   -138   -138
   -138   -138   -138   -138   -138   -138   -138   -138   -138   -138
   -139   -139   -139   -139   -140   -140   -141   -141      0      0
      0      0      0      0      0      0      0      0      0      0
      0      0      0      0      0      0      0      0      0      0
      0      0      0      0      0      0      0      0      0      0
      0      0      0      0      0      0      0      0      0      0
      0      0      0      0      0   -143   -143   -142   -141   -140
   -139   -139   -139   -138   -137   -136   -137   -137   -137   -137
   -136   -136   -136   -136   -137   -137   -137   -137   -136   -137
   -137   -137   -137   -137   -138   -138   -139   -139      0      0
      0      0      0      0      0      0      0      0      0      0
      0      0      0      0      0      0      0      0      0      0
      0      0      0      0      0      0      0      0      0      0
      0      0      0      0      0      0      0      0   -141      0
      0      0   -142   -142   -141   -141   -141   -140   -139   -138
   -138   -137   -137   -136   -136   -135   -135   -136   -136   -135
   -135   -135   -135   -135   -135   -136   -136   -135   -135   -135
   -136   -136   -136   -136   -136   -137   -137   -137      0   -139
      0      0      0      0      0      0      0      0      0      0
      0      0      0      0      0      0      0      0      0      0
      0      0      0      0      0      0      0      0      0      0
      0      0      0      0      0      0      0   -141   -141   -140
   -140   -140   -140   -139   -139   -139   -139   -138   -137   -137
   -136   -136   -135   -135   -135   -135   -134   -134   -134   -134
   -134   -134   -133   -133   -134   -134   -134   -134   -134   -134
   -135   -135   -135   -135   -135   -135   -135   -135   -136   -137
   -137      0      0      0      0      0      0      0      0      0
      0      0      0      0      0      0      0      0      0      0
      0      0      0      0      0      0      0      0      0      0
      0      0      0      0      0      0      0   -140   -140   -139
   -139   -139   -138   -137   -137   -136   -136   -136   -135   -135
   -135   -134   -134   -134   -134   -134   -133   -133   -133   -133
   -133   -133   -132   -132   -132   -132   -133   -133   -133   -133
   -134   -134   -134   -134   -134   -134   -133   -133   -133   -134
   -134      0      0      0      0      0      0      0      0      0
      0      0      0      0      0      0      0      0      0      0
      0      0      0      0      0      0      0      0      0      0
      0      0      0      0      0      0   -139   -139   -139   -139
   -139   -138   -138   -137   -136   -135   -135   -135   -134   -133
   -133   -132   -132   -132   -132   -132   -132   -132   -132   -132
   -132   -132   -131   -131   -131   -131   -131   -131   -131   -132
   -132   -132   -132   -132   -132   -131   -131   -130   -130   -129
   -128   -127   -126      0      0      0      0      0      0      0
      0      0      0      0      0      0      0      0      0      0
      0      0      0      0      0      0      0      0      0      0
      0      0      0      0      0   -139   -138   -138   -138   -138
   -138   -138   -137   -137   -136   -134   -134   -133   -133   -132
   -130   -130   -131   -131   -131   -130   -130   -130   -130   -130
   -130   -130   -130   -130   -129   -128   -129   -129   -130   -130
   -130   -130   -130   -130   -129   -129   -128   -127   -126   -124
   -122   -122   -123      0      0      0      0      0      0      0
      0      0      0      0      0      0      0      0      0      0
      0      0      0      0      0      0      0      0      0      0
      0      0      0      0   -138   -138   -138   -137   -137   -137
   -137   -136   -136   -135   -134   -133   -133   -132   -131   -130
   -129   -129   -129   -130   -129   -129   -129   -129   -128   -128
   -128   -128   -128   -128   -127   -126   -126   -126   -126   -126
   -126   -127   -127   -126   -126   -126   -125   -124   -123   -120
      0      0      0      0      0      0      0      0      0      0
      0      0      0      0      0      0      0      0      0      0
      0      0      0      0      0      0      0      0      0      0
      0      0      0      0   -137   -137   -137   -137   -136   -136
   -135   -134   -134   -133   -132   -132   -131   -130   -130   -128
   -127   -127   -128   -128   -128   -127   -127   -127   -126   -126
   -125   -125   -125   -124   -124   -124   -123   -123   -123   -123
   -123   -123   -123   -123   -122   -121   -121   -120      0      0
      0      0      0      0      0      0      0      0      0      0
      0      0      0      0      0      0      0      0      0      0
      0      0      0      0      0      0      0      0      0      0
      0      0      0   -137   -136   -136   -136   -136   -135   -134
   -133   -132   -132   -131   -130   -130   -129   -129   -128   -127
   -126   -126   -126   -126   -126   -126   -125   -125   -124   -123
   -122   -122   -121   -121   -121   -121   -120   -120   -119   -119
   -119   -119   -119   -118   -117      0      0      0      0      0
      0      0      0      0      0      0      0      0      0      0
      0      0      0      0      0      0      0      0      0      0
      0      0      0      0      0      0      0      0      0      0
      0      0   -137   -137   -136   -135   -134   -134   -134   -133
   -131   -131   -130   -129   -128   -127   -127   -127   -126   -126
   -125   -125   -124   -124   -124   -124   -123   -122   -122   -121
   -120   -119   -118   -118   -118   -118   -117   -116   -115   -115
   -115   -114   -114      0      0      0      0      0      0      0
      0      0      0      0      0      0      0      0      0      0
      0      0      0      0      0      0      0      0      0      0
      0      0      0      0      0      0      0      0      0      0
      0   -137   -137   -136   -135   -133   -133   -133   -132   -131
   -130   -130   -129   -128   -127   -125   -125   -125   -124   -124
   -124   -123   -122   -121   -121   -122   -121   -120   -119   -118
   -118   -117   -116   -115   -115   -115   -114   -113   -112   -111
      0      0      0      0      0      0      0      0      0      0
      0      0      0      0      0      0      0      0      0      0
      0      0      0      0      0      0      0      0      0      0
      0      0      0      0      0      0      0      0      0      0
      0   -136   -135   -135   -134   -133   -132   -131   -131   -130
   -129   -128   -128   -127   -125   -124   -124   -123   -123   -123
   -123   -122   -120   -120   -119   -119   -119   -118   -117   -116
   -115   -114   -114   -113   -113   -112   -111      0      0      0
      0      0      0      0      0      0      0      0      0      0
      0      0      0      0      0      0      0      0      0      0
      0      0      0      0      0      0      0      0      0      0
      0      0      0      0      0      0      0      0      0      0
      0      0   -134   -133   -132   -132   -131   -130   -130   -129
   -128   -127   -126   -125   -125   -124   -123   -123   -122   -122
   -121   -120   -119   -118   -118   -117   -117   -116   -115   -114
   -113   -112   -112   -112   -111      0      0      0      0      0
      0      0      0      0      0      0      0      0      0      0
      0      0      0      0      0      0      0      0      0      0
      0      0      0      0      0      0      0      0      0      0
      0      0      0      0      0      0      0      0      0      0
      0      0      0   -132   -131   -131   -130   -129   -128   -128
   -127   -126   -125   -124   -124   -123   -122   -122   -122   -121
   -120   -119   -117   -116   -116   -116   -115   -114   -113   -112
   -111   -111      0      0      0      0      0      0      0      0
      0      0      0      0      0      0      0      0      0      0
      0      0      0      0      0      0      0      0      0      0
      0      0      0      0      0      0      0      0      0      0
      0      0      0      0      0      0      0      0      0      0
      0   -132   -132   -131   -131   -130   -129   -128   -127   -126
   -125   -125   -124   -123   -122   -122   -121   -121   -120   -120
   -118   -117   -116   -115   -115   -114   -114   -113   -112   -111
      0      0      0      0      0      0      0      0      0      0
      0      0      0      0      0      0      0      0      0      0
      0      0      0      0      0      0      0      0      0      0
      0      0      0      0      0      0      0      0      0      0
      0      0      0      0      0      0      0      0      0      0
   -131   -131   -131   -131   -130   -128   -128   -127   -126   -125
   -124   -124   -123   -122   -121   -120   -120   -120   -119   -118
   -117   -116   -115   -114   -114   -113   -113      0      0      0
      0      0      0      0      0      0      0      0      0      0
      0      0      0      0      0      0      0      0      0      0
      0      0      0      0      0      0      0      0      0      0
      0      0      0      0      0      0      0      0      0      0
      0      0      0      0      0      0      0      0      0      0
      0   -130   -130   -130   -129   -128   -127   -126   -125   -125
   -124   -123   -122   -121   -120   -119   -119   -119   -118   -118
   -117   -116   -114   -113   -113      0      0      0      0      0
      0      0      0      0      0      0      0      0      0      0
      0      0      0      0      0      0      0      0      0      0
      0      0      0      0      0      0      0      0      0      0
      0      0      0      0      0      0      0      0      0      0
      0      0      0      0      0      0      0      0      0      0
      0      0   -129   -128   -127   -127   -126   -125   -125   -125
   -124   -123   -121   -120   -119   -119   -118   -118   -117   -117
   -116   -115      0      0      0      0      0      0      0      0
      0      0      0      0      0      0      0      0      0      0
      0      0      0      0      0      0      0      0      0      0
      0      0      0      0      0      0      0      0      0      0
      0      0      0      0      0      0      0      0      0      0
      0      0      0      0      0      0      0      0      0      0
      0      0      0   -127   -126   -126   -125   -125   -125   -125
   -124   -123   -121   -119   -119   -118   -117   -117   -117      0
      0      0      0      0      0      0      0      0      0      0
      0      0      0      0      0      0      0      0      0      0
      0      0      0      0      0      0      0      0      0      0
      0      0      0      0      0      0      0      0      0      0
      0      0      0      0      0      0      0      0      0      0
      0      0      0      0      0      0      0      0      0      0
      0      0   -126   -125   -125   -125   -125   -125   -125   -124
   -124   -122   -121   -119   -118   -117   -117      0      0      0
      0      0      0      0      0      0      0      0      0      0
      0      0      0      0      0      0      0      0      0      0
      0      0      0      0      0      0      0      0      0      0
      0      0      0      0      0      0      0      0      0      0
      0      0      0      0      0      0      0      0      0      0
      0      0      0      0      0      0      0      0      0      0
      0      0      0      0   -124   -124   -124   -124   -124      0
   -123   -122   -121   -119      0      0      0      0      0      0
      0      0      0      0      0      0      0      0      0      0
      0      0      0      0      0      0      0      0      0      0
      0      0      0      0      0      0      0      0      0      0
      0      0      0      0      0      0      0      0      0      0
      0      0      0      0      0      0      0      0      0      0
      0      0      0      0      0      0      0      0      0      0
      0      0      0      0      0      0      0      0      0      0
      0      0      0      0      0      0      0      0      0      0
      0      0      0      0      0      0      0      0      0      0
      0      0      0      0      0      0      0      0      0      0
      0      0      0      0      0      0      0      0      0      0
      0      0      0      0      0      0      0      0      0      0
      0      0      0    -49      0      0      0      0      0      0
      0      0      0      0      0      0      0      0      0      0
      0      0      0      0      0      0      0      0      0      0
      0      0      0      0      0      0      0      0      0      0
      0      0      0      0      0      0      0      0      0      0
      0      0      0      0      0      0      0      0      0      0
      0      0      0      0      0      0      0      0      0      0
      0      0      0      0      0      0      0      0      0      0
      0      0      0      0      0    -49      0      0      0      0
      0      0      0      0      0      0      0      0      0      0
      0      0      0      0      0      0      0      0      0      0
      0      0      0      0      0      0      0      0      0      0
      0      0      0      0      0      0      0      0      0      0
      0      0      0      0      0      0      0      0      0      0
      0      0      0      0      0      0      0      0      0      0
      0      0      0      0      0      0      0      0      0      0
      0      0      0    -48    -49      0      0      0      0      0
      0      0      0      0      0      0      0      0      0      0
      0      0      0      0      0      0      0      0      0      0
      0      0      0      0      0      0      0      0      0      0
      0      0      0      0      0      0      0      0      0      0
      0      0      0      0      0      0      0      0      0      0
      0      0      0      0      0      0      0      0      0      0
      0      0      0      0      0      0      0      0      0      0
    -48    -49    -50    -51      0      0      0      0      0      0
      0      0      0      0      0      0      0      0      0      0
      0      0      0      0      0      0      0      0      0      0
      0      0      0      0      0      0      0      0      0      0
      0      0      0      0      0      0      0      0      0      0
      0      0      0      0      0      0      0      0      0      0
      0      0      0      0      0      0      0      0      0      0
      0      0      0      0      0      0      0      0    -48    -49
    -49      0      0      0      0      0      0      0      0      0
      0      0      0      0      0      0      0      0      0      0
      0      0      0      0      0      0      0      0      0      0
      0      0      0      0      0      0      0      0      0      0
      0      0      0      0      0      0      0      0      0      0
      0      0      0      0      0      0      0      0      0      0
      0      0      0      0      0      0      0      0      0      0
      0      0      0      0      0    -45    -45    -44    -45    -50
      0      0      0    -56      0      0      0      0    -80      0
      0      0      0      0      0      0      0      0      0      0
      0      0      0      0      0      0      0      0      0      0
      0      0      0      0      0      0      0      0      0      0
      0      0      0      0      0      0      0      0      0      0
      0      0      0      0      0      0      0      0      0      0
      0      0      0      0      0      0      0      0      0      0
      0      0      0    -42    -41    -41    -41    -40    -41    -45
    -49    -51    -53    -59    -63      0    -85    -87    -81    -87
    -94      0      0      0      0      0      0      0      0      0
      0      0      0      0      0      0      0      0      0      0
      0      0      0      0      0      0      0      0      0      0
      0      0      0      0      0      0      0      0      0      0
      0      0      0      0      0      0      0      0      0      0
      0      0      0      0      0      0      0      0    -36    -34
    -33    -33    -34    -34    -35    -34    -34    -34    -35    -37
    -38    -43    -48      0      0      0   -102    -99      0      0
      0      0      0      0      0      0      0      0      0      0
      0      0      0      0      0      0      0      0      0      0
      0      0      0      0      0      0      0      0      0      0
      0      0      0      0      0      0      0      0      0      0
      0      0      0      0      0      0      0      0    -55    -52
      0      0      0    -39    -38      0    -36    -34    -33    -30
    -28    -28    -28    -27    -28    -28    -28    -28    -28    -29
      0      0      0      0      0      0      0    -92      0      0
      0      0      0      0      0      0      0      0      0      0
      0      0      0      0      0      0      0      0      0      0
      0      0      0      0      0      0      0      0      0      0
      0      0      0      0      0      0      0      0      0      0
      0      0      0      0      0      0      0      0      0      0
    -41    -36    -35    -35    -34    -33    -31    -29    -27    -25
    -24    -24    -24    -24    -24    -24    -23    -22      0      0
      0      0      0      0      0      0      0      0      0      0
      0      0      0      0      0      0      0      0      0      0
      0      0      0      0      0      0      0      0      0      0
      0      0      0      0      0      0      0      0      0      0
      0      0      0      0      0      0      0      0      0      0
      0      0      0      0      0      0      0      0    -35      0
    -29    -25    -27    -31    -29    -26    -24    -23    -22    -20
    -20    -21    -22    -22    -21    -21      0      0      0      0
      0      0      0      0      0      0      0      0      0      0
      0      0      0      0      0      0      0      0      0      0
      0      0      0      0      0      0      0      0      0      0
      0      0      0      0      0      0      0      0      0      0
      0      0      0      0      0      0      0      0      0      0
      0      0      0      0      0      0      0      0      0      0
    -19    -18    -19    -21    -21    -19    -18    -18    -17    -17
    -17    -18    -18    -18      0      0      0      0      0      0
      0      0      0      0      0      0      0      0      0      0
      0      0      0      0      0      0      0      0      0      0
      0      0      0      0      0      0      0      0      0      0
      0      0      0      0      0      0      0      0      0      0
      0      0      0      0      0      0      0      0      0      0
      0      0      0      0      0      0      0      0    -16    -14
    -12      0    -12    -12    -13    -13    -13    -12    -13    -13
    -14    -15      0      0      0      0      0      0      0      0
      0      0      0      0      0      0      0      0      0      0
      0      0      0      0      0      0      0      0      0      0
      0      0      0      0      0      0      0      0      0      0
      0      0      0      0      0      0      0      0      0      0
      0      0      0      0      0      0      0      0      0      0
      0      0      0      0    -21      0      0    -12    -11     -9
      0     -7     -7     -6     -8     -9     -8     -8     -8    -10
      0      0      0      0      0      0      0      0      0      0
      0      0      0      0      0      0      0      0      0      0
      0      0      0      0      0      0      0      0      0      0
      0      0      0      0      0      0      0      0      0      0
      0      0      0      0      0      0      0      0      0      0
      0    -27      0      0    -26      0      0    -26      0      0
      0      0    -24      0    -19    -16    -12    -10     -9     -8
     -6     -6     -6     -6     -6     -6     -5     -4      0     -5
      0      0      0      0      0      0      0      0      0      0
      0      0      0      0      0      0      0      0      0      0
      0      0      0      0      0      0      0      0      0      0
      0      0      0      0      0      0      0      0      0      0
      0      0      0      0      0      0      0      0      0      0
    -27      0      0      0    -27    -27      0      0      0      0
      0    -25    -24    -21    -19    -15    -13    -11    -10     -8
     -7     -6     -6     -7     -6     -5     -3      0      0      0
      0      0      0      0      0      0      0      0      0      0
      0      0      0      0      0      0      0      0      0      0
      0      0      0      0      0      0      0      0      0      0
      0      0      0      0      0      0      0      0      0      0
      0      0      0      0      0      0      0      0      0      0
      0    -27      0      0    -27      0    -27    -26    -25    -25
    -25    -24    -23    -21    -19    -16    -14    -12    -10     -8
     -7     -6     -6     -6     -4     -2      0      4      0      0
      0      0      0      0      0      0      0      0      0      0
      0      0      0      0      0      0      0      0      0      0
      0      0      0      0      0      0      0      0      0      0
      0      0      0      0      0      0      0      0      0      0
      0      0      0      0      0      0      0      0      0    -28
    -27    -27      0    -27    -27    -27    -27    -26    -26    -25
    -24    -24    -23    -21    -20    -18    -16    -13    -11     -9
     -7     -6     -5     -4     -3      0      4      8      0      0
      0      0      0      0      0      0      0      0      0      0
      0      0      0      0      0      0      0      0      0      0
      0      0      0      0      0      0      0      0      0      0
      0      0      0      0      0      0      0      0      0      0
      0      0      0      0      0      0      0      0    -30    -29
    -28    -27    -27    -27    -27    -27    -27    -27    -27    -26
    -24    -24    -23    -22    -21    -20    -17    -14    -12    -10
     -8     -7     -5     -3     -2      1      7      0      0      0
      0      0      0      0      0      0      0      0      0      0
      0      0      0      0      0      0      0      0      0      0
      0      0      0      0      0      0      0      0      0      0
      0      0      0      0      0      0      0      0      0      0
      0      0      0      0      0      0      0      0    -31    -30
    -29    -28    -28    -28    -28    -28    -28    -27    -26    -26
    -25    -24    -24    -23    -22    -21    -19    -16    -14    -12
    -10     -8     -7     -5     -2      2      7     13      0      0
      0      0      0      0      0      0      0      0      0      0
      0      0      0      0      0      0      0      0      0      0
      0      0      0      0      0      0      0      0      0      0
      0      0      0      0      0      0      0      0      0      0
      0      0      0      0      0    -32    -32    -32    -32    -31
    -29    -29    -29    -29    -29    -29    -28    -27    -26    -26
    -26    -25    -24    -24    -23    -21    -19    -17    -15    -13
    -12    -10     -8     -6     -3      1      7     14      0      0
      0      0      0      0      0      0      0      0      0      0
      0      0      0      0      0      0      0      0      0      0
      0      0      0      0      0      0      0      0      0      0
      0      0      0      0      0      0      0      0    -38      0
      0      0    -32    -32    -32    -32    -32    -32    -32    -31
    -30    -30    -30    -30    -30    -30    -29    -27    -27    -27
    -27    -26    -25    -24    -23    -21    -20    -18    -16    -14
    -13    -11     -9     -6     -3      2      8     14      0     22
      0      0      0      0      0      0      0      0      0      0
      0      0      0      0      0      0      0      0      0      0
      0      0      0      0      0      0      0      0      0      0
      0      0      0      0      0      0      0    -40    -39    -37
    -34    -33    -33    -33    -33    -33    -33    -32    -31    -31
    -31    -30    -31    -31    -31    -31    -29    -28    -27    -27
    -27    -27    -26    -24    -23    -21    -20    -19    -17    -14
    -12    -10     -9     -6     -3      2      8     14     19     22
     24      0      0      0      0      0      0      0      0      0
      0      0      0      0      0      0      0      0      0      0
      0      0      0      0      0      0      0      0      0      0
      0      0      0      0      0      0      0    -40    -40    -37
    -34    -34    -34    -34    -34    -34    -33    -32    -31    -31
    -31    -31    -31    -31    -31    -31    -30    -29    -28    -28
    -28    -27    -26    -25    -23    -21    -21    -19    -18    -15
    -11    -10     -9     -6     -4      0      7     14     18     21
     23      0      0      0      0      0      0      0      0      0
      0      0      0      0      0      0      0      0      0      0
      0      0      0      0      0      0      0      0      0      0
      0      0      0      0      0      0    -40    -40    -39    -38
    -36    -35    -35    -35    -35    -34    -33    -32    -32    -32
    -32    -31    -31    -31    -31    -31    -30    -30    -29    -28
    -28    -27    -27    -26    -24    -23    -22    -20    -18    -15
    -12    -10     -9     -8     -5     -2      4     11     16     18
     21     23     27      0      0      0      0      0      0      0
      0      0      0      0      0      0      0      0      0      0
      0      0      0      0      0      0      0      0      0      0
      0      0      0      0      0    -39    -39    -39    -39    -38
    -37    -36    -36    -36    -35    -33    -33    -33    -33    -32
    -32    -31    -31    -30    -30    -30    -30    -30    -30    -28
    -27    -27    -27    -27    -25    -24    -23    -21    -19    -16
    -13    -11    -10     -8     -7     -5      1      8     13     15
     17     20     23      0      0      0      0      0      0      0
      0      0      0      0      0      0      0      0      0      0
      0      0      0      0      0      0      0      0      0      0
      0      0      0      0    -40    -39    -39    -39    -39    -38
    -38    -37    -37    -36    -35    -34    -33    -33    -33    -33
    -32    -32    -31    -30    -30    -30    -30    -30    -29    -28
    -28    -27    -27    -27    -26    -25    -24    -22    -20    -17
    -15    -12    -10     -9     -8     -5     -1      4      9     12
      0      0      0      0      0      0      0      0      0      0
      0      0      0      0      0      0      0      0      0      0
      0      0      0      0      0      0      0      0      0      0
      0      0      0      0    -41    -40    -39    -39    -39    -38
    -38    -38    -38    -37    -36    -34    -34    -34    -34    -33
    -33    -32    -31    -31    -31    -31    -30    -30    -29    -28
    -28    -28    -28    -28    -27    -25    -24    -23    -21    -19
    -16    -13    -11     -9     -8     -6     -2      1      0      0
      0      0      0      0      0      0      0      0      0      0
      0      0      0      0      0      0      0      0      0      0
      0      0      0      0      0      0      0      0      0      0
      0      0      0    -42    -42    -41    -41    -40    -39    -38
    -38    -38    -38    -38    -36    -34    -34    -34    -34    -34
    -33    -32    -32    -31    -31    -31    -30    -30    -29    -28
    -28    -28    -28    -28    -27    -25    -25    -24    -23    -20
    -17    -15    -12    -10     -8      0      0      0      0      0
      0      0      0      0      0      0      0      0      0      0
      0      0      0      0      0      0      0      0      0      0
      0      0      0      0      0      0      0      0      0      0
      0      0    -43    -43    -43    -42    -41    -40    -39    -39
    -38    -38    -37    -37    -36    -35    -35    -35    -35    -34
    -33    -33    -32    -32    -31    -31    -30    -29    -29    -28
    -28    -27    -27    -27    -27    -26    -25    -24    -23    -21
    -19    -17    -14      0      0      0      0      0      0      0
      0      0      0      0      0      0      0      0      0      0
      0      0      0      0      0      0      0      0      0      0
      0      0      0      0      0      0      0      0      0      0
      0    -45    -44    -44    -43    -43    -42    -41    -40    -39
    -39    -38    -37    -36    -36    -36    -36    -35    -35    -34
    -33    -33    -32    -32    -31    -30    -30    -29    -29    -28
    -27    -27    -26    -26    -26    -26    -25    -24    -23    -22
      0      0      0      0      0      0      0      0      0      0
      0      0      0      0      0      0      0      0      0      0
      0      0      0      0      0      0      0      0      0      0
      0      0      0      0      0      0      0      0      0      0
      0    -46    -45    -44    -44    -43    -42    -41    -41    -40
    -40    -39    -37    -36    -36    -36    -36    -35    -35    -34
    -33    -33    -32    -32    -31    -30    -30    -29    -28    -28
    -27    -26    -26    -26    -25    -25    -25      0      0      0
      0      0      0      0      0      0      0      0      0      0
      0      0      0      0      0      0      0      0      0      0
      0      0      0      0      0      0      0      0      0      0
      0      0      0      0      0      0      0      0      0      0
      0      0    -46    -45    -44    -43    -42    -42    -41    -41
    -41    -39    -38    -37    -37    -37    -36    -35    -34    -34
    -34    -33    -32    -31    -31    -31    -30    -29    -28    -27
    -27    -26    -26    -25    -25      0      0      0      0      0
      0      0      0      0      0      0      0      0      0      0
      0      0      0      0      0      0      0      0      0      0
      0      0      0      0      0      0      0      0      0      0
      0      0      0      0      0      0      0      0      0      0
      0      0      0    -45    -44    -42    -42    -42    -42    -42
    -41    -40    -39    -38    -37    -37    -36    -35    -34    -34
    -34    -33    -32    -31    -31    -31    -30    -29    -28    -27
    -27    -26      0      0      0      0      0      0      0      0
      0      0      0      0      0      0      0      0      0      0
      0      0      0      0      0      0      0      0      0      0
      0      0      0      0      0      0      0      0      0      0
      0      0      0      0      0      0      0      0      0      0
      0    -47    -46    -45    -44    -43    -43    -43    -43    -42
    -41    -40    -39    -38    -37    -37    -36    -35    -35    -34
    -34    -33    -32    -31    -31    -31    -30    -29    -28    -28
      0      0      0      0      0      0      0      0      0      0
      0      0      0      0      0      0      0      0      0      0
      0      0      0      0      0      0      0      0      0      0
      0      0      0      0      0      0      0      0      0      0
      0      0      0      0      0      0      0      0      0      0
    -47    -47    -46    -45    -44    -44    -44    -43    -43    -42
    -40    -40    -39    -39    -37    -36    -36    -36    -36    -35
    -33    -33    -32    -32    -31    -30    -30      0      0      0
      0      0      0      0      0      0      0      0      0      0
      0      0      0      0      0      0      0      0      0      0
      0      0      0      0      0      0      0      0      0      0
      0      0      0      0      0      0      0      0      0      0
      0      0      0      0      0      0      0      0      0      0
      0    -46    -46    -45    -45    -45    -44    -44    -43    -41
    -40    -40    -39    -39    -38    -37    -36    -36    -35    -34
    -33    -33    -32    -32    -31      0      0      0      0      0
      0      0      0      0      0      0      0      0      0      0
      0      0      0      0      0      0      0      0      0      0
      0      0      0      0      0      0      0      0      0      0
      0      0      0      0      0      0      0      0      0      0
      0      0      0      0      0      0      0      0      0      0
      0      0    -46    -46    -46    -46    -45    -44    -42    -41
    -40    -40    -39    -39    -38    -38    -37    -36    -35    -34
    -33    -33      0      0      0      0      0      0      0      0
      0      0      0      0      0      0      0      0      0      0
      0      0      0      0      0      0      0      0      0      0
      0      0      0      0      0      0      0      0      0      0
      0      0      0      0      0      0      0      0      0      0
      0      0      0      0      0      0      0      0      0      0
      0      0      0    -46    -46    -46    -45    -44    -42    -41
    -40    -40    -39    -39    -39    -38    -37    -36    -35      0
      0      0      0      0      0      0      0      0      0      0
      0      0      0      0      0      0      0      0      0      0
      0      0      0      0      0      0      0      0      0      0
      0      0      0      0      0      0      0      0      0      0
      0      0      0      0      0      0      0      0      0      0
      0      0      0      0      0      0      0      0      0      0
      0      0    -47    -46    -46    -46    -45    -44    -42    -41
    -40    -40    -40    -39    -39    -38    -37      0      0      0
      0      0      0      0      0      0      0      0      0      0
      0      0      0      0      0      0      0      0      0      0
      0      0      0      0      0      0      0      0      0      0
      0      0      0      0      0      0      0      0      0      0
      0      0      0      0      0      0      0      0      0      0
      0      0      0      0      0      0      0      0      0      0
      0      0      0      0    -46    -45    -44    -44    -42      0
    -41    -40    -40    -39      0      0      0      0      0      0
      0      0      0      0      0      0      0      0      0      0
      0      0      0      0      0      0      0      0      0      0
      0      0      0      0      0      0      0      0      0      0
      0      0      0      0      0      0      0      0      0      0
      0      0      0      0      0      0      0      0      0      0
      0      0      0      0      0      0      0      0      0      0
