M2  
  2  0  0  0  0  0
      45     950
      41     850
     -62    -950
     -70    -950
      41      80
Bay of Fundy                                      
      0      0      0      0      0      0      0      0      0      0
      0      0      0      0      0      0      0      0      0      0
      0      0      0      0      0      0      0      0      0      0
      0      0      0      0      0      0      0      0      0      0
      0      0      0      0      0      0      0      0      0      0
      0      0      0      0      0      0      0      0      0      0
      0      0      0  -1284      0      0      0      0      0      0
      0      0      0      0      0      0      0      0      0      0
      0      0      0      0      0      0      0      0      0      0
      0      0      0      0      0      0      0      0      0      0
      0      0      0      0      0      0      0      0      0      0
      0      0      0      0      0      0      0      0      0      0
      0      0      0      0      0      0      0      0      0      0
      0      0      0      0      0      0      0      0      0      0
      0      0      0      0      0  -1341      0      0      0      0
      0      0      0      0      0      0      0      0      0      0
      0      0      0      0      0      0      0      0      0      0
      0      0      0      0      0      0      0      0      0      0
      0      0      0      0      0      0      0      0      0      0
      0      0      0      0      0      0      0      0      0      0
      0      0      0      0      0      0      0      0      0      0
      0      0      0      0      0      0      0      0      0      0
      0      0      0  -1226  -1378      0      0      0      0      0
      0      0      0      0      0      0      0      0      0      0
      0      0      0      0      0      0      0      0      0      0
      0      0      0      0      0      0      0      0      0      0
      0      0      0      0      0      0      0      0      0      0
      0      0      0      0      0      0      0      0      0      0
      0      0      0      0      0      0      0      0      0      0
      0      0      0      0      0      0      0      0      0      0
  -1113  -1148  -1213  -1341      0      0      0      0      0      0
      0      0      0      0      0      0      0      0      0      0
      0      0      0      0      0      0      0      0      0      0
      0      0      0      0      0      0      0      0      0      0
      0      0      0      0      0      0      0      0      0      0
      0      0      0      0      0      0      0      0      0      0
      0      0      0      0      0      0      0      0      0      0
      0      0      0      0      0      0      0      0   -908   -927
   -998      0      0      0      0      0      0      0      0      0
      0      0      0      0      0      0      0      0      0      0
      0      0      0      0      0      0      0      0      0      0
      0      0      0      0      0      0      0      0      0      0
      0      0      0      0      0      0      0      0      0      0
      0      0      0      0      0      0      0      0      0      0
      0      0      0      0      0      0      0      0      0      0
      0      0      0      0      0   -694   -725   -753   -780   -741
      0      0      0  -1802      0      0      0      0  -3265      0
      0      0      0      0      0      0      0      0      0      0
      0      0      0      0      0      0      0      0      0      0
      0      0      0      0      0      0      0      0      0      0
      0      0      0      0      0      0      0      0      0      0
      0      0      0      0      0      0      0      0      0      0
      0      0      0      0      0      0      0      0      0      0
      0      0      0   -558   -575   -592   -603   -597   -578   -577
   -741  -1198  -1721  -2079  -2344      0  -2984  -3230  -3373  -3390
  -3449      0      0      0      0      0      0      0      0      0
      0      0      0      0      0      0      0      0      0      0
      0      0      0      0      0      0      0      0      0      0
      0      0      0      0      0      0      0      0      0      0
      0      0      0      0      0      0      0      0      0      0
      0      0      0      0      0      0      0      0   -381   -394
   -408   -417   -429   -445   -459   -469   -466   -450   -436   -477
   -676  -1292  -1972      0      0      0  -3197  -3250      0      0
      0      0      0      0      0      0      0      0      0      0
      0      0      0      0      0      0      0      0      0      0
      0      0      0      0      0      0      0      0      0      0
      0      0      0      0      0      0      0      0      0      0
      0      0      0      0      0      0      0      0   -285   -290
      0      0      0   -308   -314      0   -314   -312   -317   -319
   -327   -315   -310   -313   -325   -335   -331   -336   -368   -495
      0      0      0      0      0      0      0  -3051      0      0
      0      0      0      0      0      0      0      0      0      0
      0      0      0      0      0      0      0      0      0      0
      0      0      0      0      0      0      0      0      0      0
      0      0      0      0      0      0      0      0      0      0
      0      0      0      0      0      0      0      0      0      0
   -252   -242   -240   -249   -251   -258   -245   -231   -218   -209
   -200   -190   -181   -180   -185   -193   -206   -245      0      0
      0      0      0      0      0      0      0      0      0      0
      0      0      0      0      0      0      0      0      0      0
      0      0      0      0      0      0      0      0      0      0
      0      0      0      0      0      0      0      0      0      0
      0      0      0      0      0      0      0      0      0      0
      0      0      0      0      0      0      0      0   -198      0
   -187   -172   -160   -150   -159   -161   -155   -137   -111    -97
    -75    -69    -58    -56    -56    -67      0      0      0      0
      0      0      0      0      0      0      0      0      0      0
      0      0      0      0      0      0      0      0      0      0
      0      0      0      0      0      0      0      0      0      0
      0      0      0      0      0      0      0      0      0      0
      0      0      0      0      0      0      0      0      0      0
      0      0      0      0      0      0      0      0      0      0
   -118   -101    -84    -71    -67    -64    -58    -45    -28    -13
      4     20     38     51      0      0      0      0      0      0
      0      0      0      0      0      0      0      0      0      0
      0      0      0      0      0      0      0      0      0      0
      0      0      0      0      0      0      0      0      0      0
      0      0      0      0      0      0      0      0      0      0
      0      0      0      0      0      0      0      0      0      0
      0      0      0      0      0      0      0      0    -90    -73
    -54      0    -17      2     15     26     36     46     53     56
     65     90      0      0      0      0      0      0      0      0
      0      0      0      0      0      0      0      0      0      0
      0      0      0      0      0      0      0      0      0      0
      0      0      0      0      0      0      0      0      0      0
      0      0      0      0      0      0      0      0      0      0
      0      0      0      0      0      0      0      0      0      0
      0      0      0      0    -98      0      0    -55    -43    -24
      0     15     37     65     84    106    124    138    139    132
      0      0      0      0      0      0      0      0      0      0
      0      0      0      0      0      0      0      0      0      0
      0      0      0      0      0      0      0      0      0      0
      0      0      0      0      0      0      0      0      0      0
      0      0      0      0      0      0      0      0      0      0
      0   -171      0      0   -148      0      0   -139      0      0
      0      0   -105      0    -66    -44    -28    -15     -2     12
     30     51     76    105    138    174    208    230      0    231
      0      0      0      0      0      0      0      0      0      0
      0      0      0      0      0      0      0      0      0      0
      0      0      0      0      0      0      0      0      0      0
      0      0      0      0      0      0      0      0      0      0
      0      0      0      0      0      0      0      0      0      0
   -182      0      0      0   -147   -138      0      0      0      0
      0    -94    -79    -60    -34     -9      4     17     30     41
     55     86    116    145    195    240    290      0    338      0
      0      0      0      0      0      0      0      0      0      0
      0      0      0      0      0      0      0      0      0      0
      0      0      0      0      0      0      0      0      0      0
      0      0      0      0      0      0      0      0      0      0
      0      0      0      0      0      0      0      0      0      0
      0   -174      0      0   -144      0   -119   -109   -101    -85
    -73    -64    -46    -26     -4     15     29     41     55     72
     97    132    172    215    268    322      0    413      0      0
      0      0      0      0      0      0      0      0      0      0
      0      0      0      0      0      0      0      0      0      0
      0      0      0      0      0      0      0      0      0      0
      0      0      0      0      0      0      0      0      0      0
      0      0      0      0      0      0      0      0      0   -191
   -178   -173      0   -157   -139   -120   -103    -86    -69    -49
    -32    -22     -8      9     24     38     50     62     78    105
    141    183    233    288    342    397    449    494      0      0
      0      0      0      0      0      0      0      0      0      0
      0      0      0      0      0      0      0      0      0      0
      0      0      0      0      0      0      0      0      0      0
      0      0      0      0      0      0      0      0      0      0
      0      0      0      0      0      0      0      0   -204   -194
   -182   -172   -164   -154   -131   -105    -86    -65    -40    -19
      5     13     24     39     51     62     75     87    103    139
    184    230    286    347    393    449    503      0      0      0
      0      0      0      0      0      0      0      0      0      0
      0      0      0      0      0      0      0      0      0      0
      0      0      0      0      0      0      0      0      0      0
      0      0      0      0      0      0      0      0      0      0
      0      0      0      0      0      0      0      0   -204   -197
   -183   -168   -154   -138   -117    -94    -72    -51    -29     -6
     15     31     46     61     76     91    105    121    143    175
    217    266    319    369    409    456    526    604      0      0
      0      0      0      0      0      0      0      0      0      0
      0      0      0      0      0      0      0      0      0      0
      0      0      0      0      0      0      0      0      0      0
      0      0      0      0      0      0      0      0      0      0
      0      0      0      0      0   -226   -214   -205   -198   -190
   -176   -159   -141   -121   -102    -82    -60    -40    -22      0
     18     42     61     78     99    120    137    158    183    211
    246    292    340    382    410    445    536    636      0      0
      0      0      0      0      0      0      0      0      0      0
      0      0      0      0      0      0      0      0      0      0
      0      0      0      0      0      0      0      0      0      0
      0      0      0      0      0      0      0      0   -314      0
      0      0   -270   -255   -239   -223   -209   -200   -191   -180
   -165   -147   -127   -107    -88    -69    -47    -25     -5     16
     35     56     76     98    121    145    166    187    213    243
    277    315    353    385    417    469    559    666      0    870
      0      0      0      0      0      0      0      0      0      0
      0      0      0      0      0      0      0      0      0      0
      0      0      0      0      0      0      0      0      0      0
      0      0      0      0      0      0      0   -317   -308   -297
   -286   -278   -268   -254   -236   -219   -206   -196   -186   -172
   -154   -135   -115    -95    -77    -58    -34     -9     16     36
     54     72     92    115    142    168    188    208    234    268
    304    336    365    393    427    486    583    702    816    916
    986      0      0      0      0      0      0      0      0      0
      0      0      0      0      0      0      0      0      0      0
      0      0      0      0      0      0      0      0      0      0
      0      0      0      0      0      0      0   -316   -305   -296
   -284   -277   -267   -253   -232   -213   -202   -194   -184   -166
   -145   -127   -107    -86    -69    -49    -22      7     35     53
     71     87    106    129    158    187    203    221    246    284
    324    351    377    406    436    490    595    722    819    920
   1010      0      0      0      0      0      0      0      0      0
      0      0      0      0      0      0      0      0      0      0
      0      0      0      0      0      0      0      0      0      0
      0      0      0      0      0      0   -329   -320   -310   -301
   -292   -280   -265   -247   -227   -210   -200   -192   -181   -163
   -142   -123   -105    -86    -64    -39    -11     18     43     61
     78     98    121    145    168    189    209    230    257    293
    328    358    384    412    448    504    591    688    776    866
    940    976    982      0      0      0      0      0      0      0
      0      0      0      0      0      0      0      0      0      0
      0      0      0      0      0      0      0      0      0      0
      0      0      0      0      0   -343   -335   -326   -317   -309
   -301   -284   -265   -245   -226   -208   -199   -190   -179   -160
   -139   -120   -103    -85    -58    -30     -1     26     49     67
     83    108    134    159    175    189    214    238    264    297
    330    359    388    419    460    512    586    656    715    794
    853    908    933      0      0      0      0      0      0      0
      0      0      0      0      0      0      0      0      0      0
      0      0      0      0      0      0      0      0      0      0
      0      0      0      0   -359   -351   -343   -334   -324   -313
   -301   -285   -268   -250   -232   -215   -201   -188   -174   -157
   -137   -117    -96    -74    -48    -19      8     33     56     76
     96    118    141    164    183    202    225    249    274    302
    330    358    389    427    476    531    592    647    698    750
      0      0      0      0      0      0      0      0      0      0
      0      0      0      0      0      0      0      0      0      0
      0      0      0      0      0      0      0      0      0      0
      0      0      0      0   -367   -359   -350   -341   -330   -314
   -298   -284   -272   -258   -240   -221   -203   -186   -170   -153
   -134   -112    -88    -62    -36    -10     16     40     64     88
    109    128    146    166    191    216    239    262    284    306
    329    355    387    429    485    545    599    649      0      0
      0      0      0      0      0      0      0      0      0      0
      0      0      0      0      0      0      0      0      0      0
      0      0      0      0      0      0      0      0      0      0
      0      0      0   -385   -375   -367   -356   -347   -336   -316
   -295   -283   -274   -265   -244   -224   -203   -184   -167   -150
   -131   -108    -81    -53    -29     -4     21     46     72     98
    121    135    150    168    198    230    253    273    291    308
    328    349    380    421    479      0      0      0      0      0
      0      0      0      0      0      0      0      0      0      0
      0      0      0      0      0      0      0      0      0      0
      0      0      0      0      0      0      0      0      0      0
      0      0   -411   -396   -382   -369   -360   -352   -339   -321
   -301   -286   -273   -258   -240   -220   -200   -182   -164   -147
   -128   -104    -78    -52    -28     -4     23     51     79    103
    124    140    156    176    205    235    260    280    295    306
    319    341    371      0      0      0      0      0      0      0
      0      0      0      0      0      0      0      0      0      0
      0      0      0      0      0      0      0      0      0      0
      0      0      0      0      0      0      0      0      0      0
      0   -443   -427   -411   -392   -374   -367   -359   -346   -328
   -309   -292   -273   -253   -235   -215   -197   -178   -160   -143
   -125   -102    -77    -52    -29     -6     24     54     83    105
    125    144    163    183    212    240    264    283    296    300
      0      0      0      0      0      0      0      0      0      0
      0      0      0      0      0      0      0      0      0      0
      0      0      0      0      0      0      0      0      0      0
      0      0      0      0      0      0      0      0      0      0
      0   -460   -444   -427   -410   -395   -383   -371   -356   -338
   -319   -300   -280   -259   -238   -216   -194   -173   -155   -138
   -120    -99    -75    -50    -26      0     27     54     81    104
    127    149    171    194    220    245    265      0      0      0
      0      0      0      0      0      0      0      0      0      0
      0      0      0      0      0      0      0      0      0      0
      0      0      0      0      0      0      0      0      0      0
      0      0      0      0      0      0      0      0      0      0
      0      0   -461   -446   -433   -420   -405   -388   -370   -350
   -330   -310   -290   -269   -244   -218   -193   -169   -149   -132
   -116    -96    -73    -48    -20      7     31     54     77    103
    129    153    177    202    227      0      0      0      0      0
      0      0      0      0      0      0      0      0      0      0
      0      0      0      0      0      0      0      0      0      0
      0      0      0      0      0      0      0      0      0      0
      0      0      0      0      0      0      0      0      0      0
      0      0      0   -466   -457   -447   -429   -409   -388   -365
   -341   -319   -298   -277   -249   -221   -193   -167   -144   -129
   -114    -94    -71    -45    -16     13     36     56     75    102
    130    154      0      0      0      0      0      0      0      0
      0      0      0      0      0      0      0      0      0      0
      0      0      0      0      0      0      0      0      0      0
      0      0      0      0      0      0      0      0      0      0
      0      0      0      0      0      0      0      0      0      0
      0   -514   -500   -489   -479   -468   -452   -432   -408   -382
   -354   -327   -301   -276   -249   -222   -195   -170   -147   -128
   -109    -90    -68    -43    -15     13     38     60     82    104
      0      0      0      0      0      0      0      0      0      0
      0      0      0      0      0      0      0      0      0      0
      0      0      0      0      0      0      0      0      0      0
      0      0      0      0      0      0      0      0      0      0
      0      0      0      0      0      0      0      0      0      0
   -542   -531   -520   -509   -500   -489   -477   -457   -431   -399
   -366   -332   -300   -271   -247   -222   -198   -174   -151   -129
   -107    -87    -66    -43    -16     11     37      0      0      0
      0      0      0      0      0      0      0      0      0      0
      0      0      0      0      0      0      0      0      0      0
      0      0      0      0      0      0      0      0      0      0
      0      0      0      0      0      0      0      0      0      0
      0      0      0      0      0      0      0      0      0      0
      0   -546   -537   -529   -523   -516   -505   -485   -455   -416
   -375   -335   -299   -270   -247   -226   -203   -179   -155   -131
   -109    -87    -65    -42    -17      0      0      0      0      0
      0      0      0      0      0      0      0      0      0      0
      0      0      0      0      0      0      0      0      0      0
      0      0      0      0      0      0      0      0      0      0
      0      0      0      0      0      0      0      0      0      0
      0      0      0      0      0      0      0      0      0      0
      0      0   -552   -546   -542   -539   -532   -514   -477   -431
   -382   -337   -298   -269   -250   -233   -210   -183   -156   -134
   -113    -89      0      0      0      0      0      0      0      0
      0      0      0      0      0      0      0      0      0      0
      0      0      0      0      0      0      0      0      0      0
      0      0      0      0      0      0      0      0      0      0
      0      0      0      0      0      0      0      0      0      0
      0      0      0      0      0      0      0      0      0      0
      0      0      0   -558   -556   -554   -550   -537   -495   -442
   -389   -342   -301   -268   -254   -243   -216   -186   -157      0
      0      0      0      0      0      0      0      0      0      0
      0      0      0      0      0      0      0      0      0      0
      0      0      0      0      0      0      0      0      0      0
      0      0      0      0      0      0      0      0      0      0
      0      0      0      0      0      0      0      0      0      0
      0      0      0      0      0      0      0      0      0      0
      0      0   -577   -569   -563   -558   -552   -536   -501   -453
   -402   -354   -312   -280   -259   -241   -217      0      0      0
      0      0      0      0      0      0      0      0      0      0
      0      0      0      0      0      0      0      0      0      0
      0      0      0      0      0      0      0      0      0      0
      0      0      0      0      0      0      0      0      0      0
      0      0      0      0      0      0      0      0      0      0
      0      0      0      0      0      0      0      0      0      0
      0      0      0      0   -566   -553   -545   -530   -502      0
   -416   -369   -327   -292      0      0      0      0      0      0
      0      0      0      0      0      0      0      0      0      0
      0      0      0      0      0      0      0      0      0      0
      0      0      0      0      0      0      0      0      0      0
      0      0      0      0      0      0      0      0      0      0
      0      0      0      0      0      0      0      0      0      0
      0      0      0      0      0      0      0      0      0      0
      0      0      0      0      0      0      0      0      0      0
      0      0      0      0      0      0      0      0      0      0
      0      0      0      0      0      0      0      0      0      0
      0      0      0      0      0      0      0      0      0      0
      0      0      0      0      0      0      0      0      0      0
      0      0      0      0      0      0      0      0      0      0
      0      0      0   4547      0      0      0      0      0      0
      0      0      0      0      0      0      0      0      0      0
      0      0      0      0      0      0      0      0      0      0
      0      0      0      0      0      0      0      0      0      0
      0      0      0      0      0      0      0      0      0      0
      0      0      0      0      0      0      0      0      0      0
      0      0      0      0      0      0      0      0      0      0
      0      0      0      0      0      0      0      0      0      0
      0      0      0      0      0   4589      0      0      0      0
      0      0      0      0      0      0      0      0      0      0
      0      0      0      0      0      0      0      0      0      0
      0      0      0      0      0      0      0      0      0      0
      0      0      0      0      0      0      0      0      0      0
      0      0      0      0      0      0      0      0      0      0
      0      0      0      0      0      0      0      0      0      0
      0      0      0      0      0      0      0      0      0      0
      0      0      0   4381   4463      0      0      0      0      0
      0      0      0      0      0      0      0      0      0      0
      0      0      0      0      0      0      0      0      0      0
      0      0      0      0      0      0      0      0      0      0
      0      0      0      0      0      0      0      0      0      0
      0      0      0      0      0      0      0      0      0      0
      0      0      0      0      0      0      0      0      0      0
      0      0      0      0      0      0      0      0      0      0
   4049   4153   4249   4331      0      0      0      0      0      0
      0      0      0      0      0      0      0      0      0      0
      0      0      0      0      0      0      0      0      0      0
      0      0      0      0      0      0      0      0      0      0
      0      0      0      0      0      0      0      0      0      0
      0      0      0      0      0      0      0      0      0      0
      0      0      0      0      0      0      0      0      0      0
      0      0      0      0      0      0      0      0   3843   3943
   4037      0      0      0      0      0      0      0      0      0
      0      0      0      0      0      0      0      0      0      0
      0      0      0      0      0      0      0      0      0      0
      0      0      0      0      0      0      0      0      0      0
      0      0      0      0      0      0      0      0      0      0
      0      0      0      0      0      0      0      0      0      0
      0      0      0      0      0      0      0      0      0      0
      0      0      0      0      0   3585   3665   3756   3853   3977
      0      0      0   4243      0      0      0      0   4589      0
      0      0      0      0      0      0      0      0      0      0
      0      0      0      0      0      0      0      0      0      0
      0      0      0      0      0      0      0      0      0      0
      0      0      0      0      0      0      0      0      0      0
      0      0      0      0      0      0      0      0      0      0
      0      0      0      0      0      0      0      0      0      0
      0      0      0   3425   3500   3575   3660   3775   3904   4040
   4136   4150   4137   4157   4249      0   4481   4479   4383   4595
   4796      0      0      0      0      0      0      0      0      0
      0      0      0      0      0      0      0      0      0      0
      0      0      0      0      0      0      0      0      0      0
      0      0      0      0      0      0      0      0      0      0
      0      0      0      0      0      0      0      0      0      0
      0      0      0      0      0      0      0      0   2969   3037
   3115   3205   3300   3393   3481   3568   3668   3788   3923   4062
   4170   4111   4044      0      0      0   4433   4473      0      0
      0      0      0      0      0      0      0      0      0      0
      0      0      0      0      0      0      0      0      0      0
      0      0      0      0      0      0      0      0      0      0
      0      0      0      0      0      0      0      0      0      0
      0      0      0      0      0      0      0      0   2694   2692
      0      0      0   2705   2735      0   2830   2886   2948   3012
   3085   3175   3269   3361   3461   3555   3659   3766   3874   3967
      0      0      0      0      0      0      0   4139      0      0
      0      0      0      0      0      0      0      0      0      0
      0      0      0      0      0      0      0      0      0      0
      0      0      0      0      0      0      0      0      0      0
      0      0      0      0      0      0      0      0      0      0
      0      0      0      0      0      0      0      0      0      0
   2603   2639   2648   2653   2690   2744   2800   2858   2920   2986
   3061   3149   3244   3341   3441   3536   3616   3686      0      0
      0      0      0      0      0      0      0      0      0      0
      0      0      0      0      0      0      0      0      0      0
      0      0      0      0      0      0      0      0      0      0
      0      0      0      0      0      0      0      0      0      0
      0      0      0      0      0      0      0      0      0      0
      0      0      0      0      0      0      0      0   2425      0
   2533   2597   2593   2592   2636   2696   2755   2819   2886   2961
   3037   3125   3214   3304   3394   3478      0      0      0      0
      0      0      0      0      0      0      0      0      0      0
      0      0      0      0      0      0      0      0      0      0
      0      0      0      0      0      0      0      0      0      0
      0      0      0      0      0      0      0      0      0      0
      0      0      0      0      0      0      0      0      0      0
      0      0      0      0      0      0      0      0      0      0
   2413   2477   2513   2539   2578   2631   2693   2767   2848   2935
   3018   3097   3168   3235      0      0      0      0      0      0
      0      0      0      0      0      0      0      0      0      0
      0      0      0      0      0      0      0      0      0      0
      0      0      0      0      0      0      0      0      0      0
      0      0      0      0      0      0      0      0      0      0
      0      0      0      0      0      0      0      0      0      0
      0      0      0      0      0      0      0      0   2136   2198
   2265      0   2416   2472   2511   2552   2615   2696   2790   2891
   2983   3045      0      0      0      0      0      0      0      0
      0      0      0      0      0      0      0      0      0      0
      0      0      0      0      0      0      0      0      0      0
      0      0      0      0      0      0      0      0      0      0
      0      0      0      0      0      0      0      0      0      0
      0      0      0      0      0      0      0      0      0      0
      0      0      0      0   1888      0      0   1960   2019   2069
      0   2212   2308   2390   2428   2462   2523   2602   2698   2807
      0      0      0      0      0      0      0      0      0      0
      0      0      0      0      0      0      0      0      0      0
      0      0      0      0      0      0      0      0      0      0
      0      0      0      0      0      0      0      0      0      0
      0      0      0      0      0      0      0      0      0      0
      0   1495      0      0   1567      0      0   1653      0      0
      0      0   1783      0   1821   1831   1846   1883   1929   1973
   2025   2102   2189   2268   2330   2379   2424   2483      0   2666
      0      0      0      0      0      0      0      0      0      0
      0      0      0      0      0      0      0      0      0      0
      0      0      0      0      0      0      0      0      0      0
      0      0      0      0      0      0      0      0      0      0
      0      0      0      0      0      0      0      0      0      0
   1479      0      0      0   1561   1588      0      0      0      0
      0   1695   1720   1747   1767   1786   1800   1826   1863   1898
   1943   2002   2070   2140   2220   2287   2317      0   2417      0
      0      0      0      0      0      0      0      0      0      0
      0      0      0      0      0      0      0      0      0      0
      0      0      0      0      0      0      0      0      0      0
      0      0      0      0      0      0      0      0      0      0
      0      0      0      0      0      0      0      0      0      0
      0   1486      0      0   1546      0   1587   1599   1609   1621
   1630   1638   1664   1691   1713   1733   1750   1771   1797   1828
   1864   1906   1959   2024   2099   2163      0   2226      0      0
      0      0      0      0      0      0      0      0      0      0
      0      0      0      0      0      0      0      0      0      0
      0      0      0      0      0      0      0      0      0      0
      0      0      0      0      0      0      0      0      0      0
      0      0      0      0      0      0      0      0      0   1453
   1467   1474      0   1498   1519   1540   1555   1566   1577   1588
   1597   1604   1618   1638   1658   1676   1693   1710   1731   1756
   1784   1810   1846   1900   1969   2033   2071   2089      0      0
      0      0      0      0      0      0      0      0      0      0
      0      0      0      0      0      0      0      0      0      0
      0      0      0      0      0      0      0      0      0      0
      0      0      0      0      0      0      0      0      0      0
      0      0      0      0      0      0      0      0   1427   1437
   1448   1455   1463   1471   1487   1502   1519   1531   1542   1554
   1567   1568   1573   1587   1601   1617   1629   1644   1660   1678
   1700   1710   1730   1766   1828   1893   1918      0      0      0
      0      0      0      0      0      0      0      0      0      0
      0      0      0      0      0      0      0      0      0      0
      0      0      0      0      0      0      0      0      0      0
      0      0      0      0      0      0      0      0      0      0
      0      0      0      0      0      0      0      0   1411   1417
   1424   1433   1442   1451   1461   1472   1484   1496   1506   1514
   1520   1521   1522   1528   1538   1550   1562   1572   1582   1589
   1595   1603   1616   1639   1674   1710   1734   1737      0      0
      0      0      0      0      0      0      0      0      0      0
      0      0      0      0      0      0      0      0      0      0
      0      0      0      0      0      0      0      0      0      0
      0      0      0      0      0      0      0      0      0      0
      0      0      0      0      0   1378   1384   1389   1394   1398
   1401   1411   1422   1431   1436   1442   1451   1461   1469   1470
   1469   1469   1468   1469   1476   1485   1494   1501   1503   1500
   1494   1502   1511   1518   1531   1535   1555   1548      0      0
      0      0      0      0      0      0      0      0      0      0
      0      0      0      0      0      0      0      0      0      0
      0      0      0      0      0      0      0      0      0      0
      0      0      0      0      0      0      0      0   1332      0
      0      0   1352   1356   1361   1366   1370   1374   1378   1382
   1386   1393   1399   1405   1408   1413   1418   1424   1426   1425
   1422   1420   1418   1418   1420   1425   1430   1433   1430   1424
   1418   1418   1420   1421   1422   1420   1413   1384      0   1257
      0      0      0      0      0      0      0      0      0      0
      0      0      0      0      0      0      0      0      0      0
      0      0      0      0      0      0      0      0      0      0
      0      0      0      0      0      0      0   1326   1330   1333
   1336   1338   1341   1345   1349   1352   1355   1357   1361   1366
   1372   1374   1375   1376   1378   1381   1384   1386   1385   1382
   1377   1376   1374   1372   1371   1371   1373   1371   1366   1359
   1352   1347   1344   1339   1332   1323   1302   1260   1183   1081
    973      0      0      0      0      0      0      0      0      0
      0      0      0      0      0      0      0      0      0      0
      0      0      0      0      0      0      0      0      0      0
      0      0      0      0      0      0      0   1319   1325   1326
   1327   1327   1329   1332   1335   1338   1339   1340   1341   1348
   1356   1354   1351   1348   1348   1349   1349   1349   1347   1343
   1338   1338   1337   1331   1328   1323   1323   1319   1311   1303
   1294   1286   1277   1264   1244   1224   1190   1149   1045    931
    818      0      0      0      0      0      0      0      0      0
      0      0      0      0      0      0      0      0      0      0
      0      0      0      0      0      0      0      0      0      0
      0      0      0      0      0      0   1304   1307   1310   1312
   1313   1313   1314   1316   1320   1323   1323   1322   1322   1325
   1328   1328   1327   1324   1321   1317   1314   1312   1311   1311
   1310   1308   1305   1299   1292   1285   1279   1273   1265   1253
   1240   1230   1217   1192   1149   1100   1054    994    905    818
    734    646    547      0      0      0      0      0      0      0
      0      0      0      0      0      0      0      0      0      0
      0      0      0      0      0      0      0      0      0      0
      0      0      0      0      0   1292   1291   1292   1293   1296
   1298   1298   1298   1299   1303   1307   1305   1303   1301   1299
   1297   1300   1301   1301   1294   1286   1282   1278   1275   1279
   1283   1277   1271   1266   1255   1246   1234   1226   1220   1202
   1186   1174   1158   1128   1061    981    934    868    785    740
    687    602    503      0      0      0      0      0      0      0
      0      0      0      0      0      0      0      0      0      0
      0      0      0      0      0      0      0      0      0      0
      0      0      0      0   1287   1283   1278   1279   1282   1284
   1285   1285   1285   1284   1285   1286   1285   1281   1278   1274
   1271   1272   1273   1271   1267   1260   1253   1248   1244   1244
   1243   1237   1230   1220   1207   1194   1181   1170   1160   1146
   1131   1116   1094   1057    997    926    865    804    745    699
      0      0      0      0      0      0      0      0      0      0
      0      0      0      0      0      0      0      0      0      0
      0      0      0      0      0      0      0      0      0      0
      0      0      0      0   1277   1274   1271   1270   1272   1273
   1274   1274   1272   1270   1268   1265   1263   1258   1253   1248
   1244   1242   1241   1240   1237   1232   1224   1217   1211   1205
   1198   1191   1182   1170   1154   1138   1125   1112   1099   1086
   1072   1055   1030    995    948    892    831    775      0      0
      0      0      0      0      0      0      0      0      0      0
      0      0      0      0      0      0      0      0      0      0
      0      0      0      0      0      0      0      0      0      0
      0      0      0   1265   1265   1265   1261   1260   1262   1263
   1263   1262   1260   1256   1252   1246   1241   1235   1227   1220
   1215   1211   1209   1207   1203   1200   1189   1181   1174   1163
   1151   1142   1131   1118   1101   1082   1072   1059   1042   1030
   1014    995    970    939    903      0      0      0      0      0
      0      0      0      0      0      0      0      0      0      0
      0      0      0      0      0      0      0      0      0      0
      0      0      0      0      0      0      0      0      0      0
      0      0   1242   1244   1246   1248   1248   1248   1249   1250
   1251   1250   1247   1243   1237   1229   1220   1210   1200   1191
   1184   1179   1174   1170   1163   1155   1146   1138   1129   1118
   1106   1094   1080   1066   1052   1039   1027   1015   1000    982
    962    938    912      0      0      0      0      0      0      0
      0      0      0      0      0      0      0      0      0      0
      0      0      0      0      0      0      0      0      0      0
      0      0      0      0      0      0      0      0      0      0
      0   1222   1223   1223   1227   1230   1233   1234   1233   1235
   1236   1232   1229   1226   1217   1209   1195   1182   1171   1160
   1151   1145   1140   1133   1122   1109   1102   1093   1083   1074
   1063   1050   1034   1018   1009   1000    986    973    960    937
      0      0      0      0      0      0      0      0      0      0
      0      0      0      0      0      0      0      0      0      0
      0      0      0      0      0      0      0      0      0      0
      0      0      0      0      0      0      0      0      0      0
      0   1206   1208   1210   1215   1218   1221   1221   1219   1216
   1212   1207   1202   1196   1187   1176   1162   1149   1137   1127
   1119   1113   1107   1098   1087   1074   1062   1051   1040   1031
   1021   1009    995    981    969    957    943      0      0      0
      0      0      0      0      0      0      0      0      0      0
      0      0      0      0      0      0      0      0      0      0
      0      0      0      0      0      0      0      0      0      0
      0      0      0      0      0      0      0      0      0      0
      0      0   1196   1200   1205   1209   1210   1209   1205   1196
   1185   1177   1169   1159   1149   1138   1126   1113   1102   1094
   1087   1081   1075   1067   1056   1043   1027   1012   1000    992
    984    974    961    947    931      0      0      0      0      0
      0      0      0      0      0      0      0      0      0      0
      0      0      0      0      0      0      0      0      0      0
      0      0      0      0      0      0      0      0      0      0
      0      0      0      0      0      0      0      0      0      0
      0      0      0   1190   1194   1198   1198   1197   1192   1178
   1159   1148   1134   1120   1110   1100   1090   1078   1066   1060
   1055   1049   1043   1036   1025   1013    995    978    964    959
    953    943      0      0      0      0      0      0      0      0
      0      0      0      0      0      0      0      0      0      0
      0      0      0      0      0      0      0      0      0      0
      0      0      0      0      0      0      0      0      0      0
      0      0      0      0      0      0      0      0      0      0
      0   1171   1173   1176   1178   1181   1182   1182   1177   1164
   1145   1122   1100   1082   1072   1066   1057   1047   1037   1029
   1022   1017   1011   1002    991    978    964    951    940    932
      0      0      0      0      0      0      0      0      0      0
      0      0      0      0      0      0      0      0      0      0
      0      0      0      0      0      0      0      0      0      0
      0      0      0      0      0      0      0      0      0      0
      0      0      0      0      0      0      0      0      0      0
   1161   1162   1162   1163   1162   1162   1164   1164   1160   1143
   1124   1093   1065   1045   1038   1035   1027   1018   1010   1000
    991    986    980    971    960    947    937      0      0      0
      0      0      0      0      0      0      0      0      0      0
      0      0      0      0      0      0      0      0      0      0
      0      0      0      0      0      0      0      0      0      0
      0      0      0      0      0      0      0      0      0      0
      0      0      0      0      0      0      0      0      0      0
      0   1155   1152   1150   1149   1148   1148   1143   1129   1107
   1080   1052   1029   1014   1007   1003    997    989    981    973
    965    959    952    944    934      0      0      0      0      0
      0      0      0      0      0      0      0      0      0      0
      0      0      0      0      0      0      0      0      0      0
      0      0      0      0      0      0      0      0      0      0
      0      0      0      0      0      0      0      0      0      0
      0      0      0      0      0      0      0      0      0      0
      0      0   1145   1141   1138   1136   1133   1122   1096   1061
   1026   1004    991    983    977    972    966    960    953    947
    941    934      0      0      0      0      0      0      0      0
      0      0      0      0      0      0      0      0      0      0
      0      0      0      0      0      0      0      0      0      0
      0      0      0      0      0      0      0      0      0      0
      0      0      0      0      0      0      0      0      0      0
      0      0      0      0      0      0      0      0      0      0
      0      0      0   1137   1134   1128   1120   1103   1063   1015
    971    956    951    949    945    941    936    931    925      0
      0      0      0      0      0      0      0      0      0      0
      0      0      0      0      0      0      0      0      0      0
      0      0      0      0      0      0      0      0      0      0
      0      0      0      0      0      0      0      0      0      0
      0      0      0      0      0      0      0      0      0      0
      0      0      0      0      0      0      0      0      0      0
      0      0   1146   1143   1138   1128   1108   1075   1029    979
    939    918    911    909    908    907    905      0      0      0
      0      0      0      0      0      0      0      0      0      0
      0      0      0      0      0      0      0      0      0      0
      0      0      0      0      0      0      0      0      0      0
      0      0      0      0      0      0      0      0      0      0
      0      0      0      0      0      0      0      0      0      0
      0      0      0      0      0      0      0      0      0      0
      0      0      0      0   1147   1133   1096   1048    995      0
    909    883    871    868      0      0      0      0      0      0
      0      0      0      0      0      0      0      0      0      0
      0      0      0      0      0      0      0      0      0      0
      0      0      0      0      0      0      0      0      0      0
      0      0      0      0      0      0      0      0      0      0
      0      0      0      0      0      0      0      0      0      0
      0      0      0      0      0      0      0      0      0      0
