N2  
  2 -1  0  1  0  0
      45     950
      41     850
     -62    -950
     -70    -950
      41      80
Bay of Fundy                                      
      0      0      0      0      0      0      0      0      0      0
      0      0      0      0      0      0      0      0      0      0
      0      0      0      0      0      0      0      0      0      0
      0      0      0      0      0      0      0      0      0      0
      0      0      0      0      0      0      0      0      0      0
      0      0      0      0      0      0      0      0      0      0
      0      0      0    203      0      0      0      0      0      0
      0      0      0      0      0      0      0      0      0      0
      0      0      0      0      0      0      0      0      0      0
      0      0      0      0      0      0      0      0      0      0
      0      0      0      0      0      0      0      0      0      0
      0      0      0      0      0      0      0      0      0      0
      0      0      0      0      0      0      0      0      0      0
      0      0      0      0      0      0      0      0      0      0
      0      0      0      0      0    203      0      0      0      0
      0      0      0      0      0      0      0      0      0      0
      0      0      0      0      0      0      0      0      0      0
      0      0      0      0      0      0      0      0      0      0
      0      0      0      0      0      0      0      0      0      0
      0      0      0      0      0      0      0      0      0      0
      0      0      0      0      0      0      0      0      0      0
      0      0      0      0      0      0      0      0      0      0
      0      0      0    199    181      0      0      0      0      0
      0      0      0      0      0      0      0      0      0      0
      0      0      0      0      0      0      0      0      0      0
      0      0      0      0      0      0      0      0      0      0
      0      0      0      0      0      0      0      0      0      0
      0      0      0      0      0      0      0      0      0      0
      0      0      0      0      0      0      0      0      0      0
      0      0      0      0      0      0      0      0      0      0
    186    191    189    174      0      0      0      0      0      0
      0      0      0      0      0      0      0      0      0      0
      0      0      0      0      0      0      0      0      0      0
      0      0      0      0      0      0      0      0      0      0
      0      0      0      0      0      0      0      0      0      0
      0      0      0      0      0      0      0      0      0      0
      0      0      0      0      0      0      0      0      0      0
      0      0      0      0      0      0      0      0    204    210
    207      0      0      0      0      0      0      0      0      0
      0      0      0      0      0      0      0      0      0      0
      0      0      0      0      0      0      0      0      0      0
      0      0      0      0      0      0      0      0      0      0
      0      0      0      0      0      0      0      0      0      0
      0      0      0      0      0      0      0      0      0      0
      0      0      0      0      0      0      0      0      0      0
      0      0      0      0      0    219    221    224    229    248
      0      0      0     84      0      0      0      0   -148      0
      0      0      0      0      0      0      0      0      0      0
      0      0      0      0      0      0      0      0      0      0
      0      0      0      0      0      0      0      0      0      0
      0      0      0      0      0      0      0      0      0      0
      0      0      0      0      0      0      0      0      0      0
      0      0      0      0      0      0      0      0      0      0
      0      0      0    228    232    237    243    255    271    284
    264    182     87     25    -14      0   -109   -153   -188   -170
   -162      0      0      0      0      0      0      0      0      0
      0      0      0      0      0      0      0      0      0      0
      0      0      0      0      0      0      0      0      0      0
      0      0      0      0      0      0      0      0      0      0
      0      0      0      0      0      0      0      0      0      0
      0      0      0      0      0      0      0      0    216    221
    226    232    239    245    251    258    268    283    298    304
    279    162     32      0      0      0   -151   -157      0      0
      0      0      0      0      0      0      0      0      0      0
      0      0      0      0      0      0      0      0      0      0
      0      0      0      0      0      0      0      0      0      0
      0      0      0      0      0      0      0      0      0      0
      0      0      0      0      0      0      0      0    207    205
      0      0      0    204    206      0    215    221    226    232
    237    248    258    266    274    281    292    301    306    292
      0      0      0      0      0      0      0   -152      0      0
      0      0      0      0      0      0      0      0      0      0
      0      0      0      0      0      0      0      0      0      0
      0      0      0      0      0      0      0      0      0      0
      0      0      0      0      0      0      0      0      0      0
      0      0      0      0      0      0      0      0      0      0
    205    209    210    210    213    217    224    232    241    249
    258    268    278    288    297    305    310    310      0      0
      0      0      0      0      0      0      0      0      0      0
      0      0      0      0      0      0      0      0      0      0
      0      0      0      0      0      0      0      0      0      0
      0      0      0      0      0      0      0      0      0      0
      0      0      0      0      0      0      0      0      0      0
      0      0      0      0      0      0      0      0    205      0
    212    218    220    222    225    229    236    245    257    266
    278    287    298    307    316    322      0      0      0      0
      0      0      0      0      0      0      0      0      0      0
      0      0      0      0      0      0      0      0      0      0
      0      0      0      0      0      0      0      0      0      0
      0      0      0      0      0      0      0      0      0      0
      0      0      0      0      0      0      0      0      0      0
      0      0      0      0      0      0      0      0      0      0
    216    223    229    233    237    241    247    256    267    278
    290    301    312    321      0      0      0      0      0      0
      0      0      0      0      0      0      0      0      0      0
      0      0      0      0      0      0      0      0      0      0
      0      0      0      0      0      0      0      0      0      0
      0      0      0      0      0      0      0      0      0      0
      0      0      0      0      0      0      0      0      0      0
      0      0      0      0      0      0      0      0    206    212
    219      0    235    243    247    252    258    266    277    287
    298    309      0      0      0      0      0      0      0      0
      0      0      0      0      0      0      0      0      0      0
      0      0      0      0      0      0      0      0      0      0
      0      0      0      0      0      0      0      0      0      0
      0      0      0      0      0      0      0      0      0      0
      0      0      0      0      0      0      0      0      0      0
      0      0      0      0    178      0      0    199    208    213
      0    228    239    250    256    262    270    277    287    296
      0      0      0      0      0      0      0      0      0      0
      0      0      0      0      0      0      0      0      0      0
      0      0      0      0      0      0      0      0      0      0
      0      0      0      0      0      0      0      0      0      0
      0      0      0      0      0      0      0      0      0      0
      0    126      0      0    138      0      0    150      0      0
      0      0    166      0    178    184    191    198    206    213
    221    230    239    250    262    274    283    291      0    306
      0      0      0      0      0      0      0      0      0      0
      0      0      0      0      0      0      0      0      0      0
      0      0      0      0      0      0      0      0      0      0
      0      0      0      0      0      0      0      0      0      0
      0      0      0      0      0      0      0      0      0      0
    122      0      0      0    138    143      0      0      0      0
      0    161    166    172    179    187    192    198    204    213
    222    231    240    249    268    285    296      0    311      0
      0      0      0      0      0      0      0      0      0      0
      0      0      0      0      0      0      0      0      0      0
      0      0      0      0      0      0      0      0      0      0
      0      0      0      0      0      0      0      0      0      0
      0      0      0      0      0      0      0      0      0      0
      0    124      0      0    137      0    147    150    153    157
    160    163    168    174    181    187    192    198    204    213
    222    232    242    255    273    292      0    317      0      0
      0      0      0      0      0      0      0      0      0      0
      0      0      0      0      0      0      0      0      0      0
      0      0      0      0      0      0      0      0      0      0
      0      0      0      0      0      0      0      0      0      0
      0      0      0      0      0      0      0      0      0    117
    121    123      0    128    134    141    146    151    156    161
    165    167    171    177    182    188    192    197    204    212
    222    232    244    259    275    293    311    324      0      0
      0      0      0      0      0      0      0      0      0      0
      0      0      0      0      0      0      0      0      0      0
      0      0      0      0      0      0      0      0      0      0
      0      0      0      0      0      0      0      0      0      0
      0      0      0      0      0      0      0      0    111    115
    118    121    123    126    133    139    145    151    157    163
    169    170    174    179    183    188    193    197    203    210
    220    228    240    256    269    286    306      0      0      0
      0      0      0      0      0      0      0      0      0      0
      0      0      0      0      0      0      0      0      0      0
      0      0      0      0      0      0      0      0      0      0
      0      0      0      0      0      0      0      0      0      0
      0      0      0      0      0      0      0      0    110    112
    115    119    123    128    133    139    144    150    156    161
    166    169    172    177    182    188    194    198    203    207
    212    220    230    241    255    271    290    306      0      0
      0      0      0      0      0      0      0      0      0      0
      0      0      0      0      0      0      0      0      0      0
      0      0      0      0      0      0      0      0      0      0
      0      0      0      0      0      0      0      0      0      0
      0      0      0      0      0    102    105    107    109    111
    114    119    124    129    133    138    143    149    154    158
    162    166    170    174    181    188    194    199    203    203
    203    210    218    226    239    252    269    283      0      0
      0      0      0      0      0      0      0      0      0      0
      0      0      0      0      0      0      0      0      0      0
      0      0      0      0      0      0      0      0      0      0
      0      0      0      0      0      0      0      0     80      0
      0      0     90     94     98    101    104    107    109    111
    115    119    124    129    133    138    143    148    153    156
    160    164    169    174    180    187    194    199    201    200
    200    205    212    220    231    241    252    261      0    288
      0      0      0      0      0      0      0      0      0      0
      0      0      0      0      0      0      0      0      0      0
      0      0      0      0      0      0      0      0      0      0
      0      0      0      0      0      0      0     78     80     83
     86     88     90     93     97    101    103    106    108    112
    116    120    124    128    132    136    142    147    152    156
    159    163    169    174    180    186    192    197    199    197
    197    202    210    219    226    233    240    250    262    274
    280      0      0      0      0      0      0      0      0      0
      0      0      0      0      0      0      0      0      0      0
      0      0      0      0      0      0      0      0      0      0
      0      0      0      0      0      0      0     77     80     82
     85     87     89     92     96    100    103    104    106    111
    116    119    123    127    130    134    140    147    152    155
    158    163    169    175    180    184    190    195    199    195
    193    200    210    219    221    224    229    239    247    257
    267      0      0      0      0      0      0      0      0      0
      0      0      0      0      0      0      0      0      0      0
      0      0      0      0      0      0      0      0      0      0
      0      0      0      0      0      0     73     75     77     79
     82     84     87     91     96     99    101    103    105    109
    114    117    121    125    129    133    139    145    150    155
    159    164    169    174    179    183    187    191    193    193
    194    200    207    212    211    209    212    219    226    236
    245    246    240      0      0      0      0      0      0      0
      0      0      0      0      0      0      0      0      0      0
      0      0      0      0      0      0      0      0      0      0
      0      0      0      0      0     69     70     72     74     76
     78     82     86     90     94     98    100    101    103    107
    111    115    119    122    127    132    138    143    148    153
    158    163    168    173    177    180    183    186    188    190
    194    198    202    205    199    193    197    202    205    217
    225    229    226      0      0      0      0      0      0      0
      0      0      0      0      0      0      0      0      0      0
      0      0      0      0      0      0      0      0      0      0
      0      0      0      0     65     66     68     70     72     74
     77     80     83     87     91     94     97     99    102    105
    108    113    117    122    127    131    136    141    146    151
    156    160    165    170    173    176    178    181    183    186
    189    192    194    194    191    188    190    194    199    205
      0      0      0      0      0      0      0      0      0      0
      0      0      0      0      0      0      0      0      0      0
      0      0      0      0      0      0      0      0      0      0
      0      0      0      0     63     64     66     67     70     73
     76     79     81     84     87     91     94     97    100    103
    106    110    115    121    126    130    135    139    143    147
    151    157    162    166    169    171    174    176    178    181
    183    184    185    184    184    184    186    191      0      0
      0      0      0      0      0      0      0      0      0      0
      0      0      0      0      0      0      0      0      0      0
      0      0      0      0      0      0      0      0      0      0
      0      0      0     57     60     62     63     65     67     71
     76     78     80     81     84     88     92     95     98    101
    103    108    113    119    123    128    132    136    140    144
    147    152    158    162    164    166    169    172    174    175
    175    175    175    175    176      0      0      0      0      0
      0      0      0      0      0      0      0      0      0      0
      0      0      0      0      0      0      0      0      0      0
      0      0      0      0      0      0      0      0      0      0
      0      0     49     53     57     60     61     62     65     69
     73     76     78     81     84     87     90     93     96     98
    101    105    110    115    119    123    128    132    137    140
    144    149    153    157    159    161    165    169    171    170
    167    166    166      0      0      0      0      0      0      0
      0      0      0      0      0      0      0      0      0      0
      0      0      0      0      0      0      0      0      0      0
      0      0      0      0      0      0      0      0      0      0
      0     41     44     48     53     56     58     59     62     66
     70     73     76     80     82     86     88     91     93     95
     98    102    107    111    115    118    123    128    133    137
    142    146    150    153    154    156    161    165    168    164
      0      0      0      0      0      0      0      0      0      0
      0      0      0      0      0      0      0      0      0      0
      0      0      0      0      0      0      0      0      0      0
      0      0      0      0      0      0      0      0      0      0
      0     36     40     43     47     51     53     56     58     62
     65     68     72     75     79     82     85     88     90     93
     95     99    103    107    111    115    120    125    129    134
    139    143    146    149    151    153    157      0      0      0
      0      0      0      0      0      0      0      0      0      0
      0      0      0      0      0      0      0      0      0      0
      0      0      0      0      0      0      0      0      0      0
      0      0      0      0      0      0      0      0      0      0
      0      0     35     38     41     44     48     51     54     57
     60     63     66     69     73     77     81     85     88     90
     93     96    100    104    109    113    117    122    126    130
    135    139    143    146    147      0      0      0      0      0
      0      0      0      0      0      0      0      0      0      0
      0      0      0      0      0      0      0      0      0      0
      0      0      0      0      0      0      0      0      0      0
      0      0      0      0      0      0      0      0      0      0
      0      0      0     33     35     37     41     46     50     53
     55     58     61     63     68     73     77     82     85     87
     90     93     97    101    106    111    115    118    122    126
    131    135      0      0      0      0      0      0      0      0
      0      0      0      0      0      0      0      0      0      0
      0      0      0      0      0      0      0      0      0      0
      0      0      0      0      0      0      0      0      0      0
      0      0      0      0      0      0      0      0      0      0
      0     21     24     27     29     32     35     39     44     47
     51     54     57     60     64     69     74     78     82     85
     87     90     94     98    103    108    112    115    119    123
      0      0      0      0      0      0      0      0      0      0
      0      0      0      0      0      0      0      0      0      0
      0      0      0      0      0      0      0      0      0      0
      0      0      0      0      0      0      0      0      0      0
      0      0      0      0      0      0      0      0      0      0
     15     17     19     22     24     26     28     32     37     42
     46     50     53     57     61     66     70     74     78     81
     85     88     91     95     99    104    108      0      0      0
      0      0      0      0      0      0      0      0      0      0
      0      0      0      0      0      0      0      0      0      0
      0      0      0      0      0      0      0      0      0      0
      0      0      0      0      0      0      0      0      0      0
      0      0      0      0      0      0      0      0      0      0
      0     13     15     16     18     19     21     24     29     34
     40     45     50     54     58     62     66     70     74     78
     82     85     89     92     96      0      0      0      0      0
      0      0      0      0      0      0      0      0      0      0
      0      0      0      0      0      0      0      0      0      0
      0      0      0      0      0      0      0      0      0      0
      0      0      0      0      0      0      0      0      0      0
      0      0      0      0      0      0      0      0      0      0
      0      0     11     12     13     13     14     16     21     26
     33     39     46     51     54     57     61     66     71     74
     78     82      0      0      0      0      0      0      0      0
      0      0      0      0      0      0      0      0      0      0
      0      0      0      0      0      0      0      0      0      0
      0      0      0      0      0      0      0      0      0      0
      0      0      0      0      0      0      0      0      0      0
      0      0      0      0      0      0      0      0      0      0
      0      0      0      9     10      9      9      9     14     19
     26     33     41     47     50     52     57     62     67      0
      0      0      0      0      0      0      0      0      0      0
      0      0      0      0      0      0      0      0      0      0
      0      0      0      0      0      0      0      0      0      0
      0      0      0      0      0      0      0      0      0      0
      0      0      0      0      0      0      0      0      0      0
      0      0      0      0      0      0      0      0      0      0
      0      0      7      8      9      8      7      7      9     13
     19     27     34     41     45     48     53      0      0      0
      0      0      0      0      0      0      0      0      0      0
      0      0      0      0      0      0      0      0      0      0
      0      0      0      0      0      0      0      0      0      0
      0      0      0      0      0      0      0      0      0      0
      0      0      0      0      0      0      0      0      0      0
      0      0      0      0      0      0      0      0      0      0
      0      0      0      0      9     10      8      5      5      0
     13     20     27     34      0      0      0      0      0      0
      0      0      0      0      0      0      0      0      0      0
      0      0      0      0      0      0      0      0      0      0
      0      0      0      0      0      0      0      0      0      0
      0      0      0      0      0      0      0      0      0      0
      0      0      0      0      0      0      0      0      0      0
      0      0      0      0      0      0      0      0      0      0
      0      0      0      0      0      0      0      0      0      0
      0      0      0      0      0      0      0      0      0      0
      0      0      0      0      0      0      0      0      0      0
      0      0      0      0      0      0      0      0      0      0
      0      0      0      0      0      0      0      0      0      0
      0      0      0      0      0      0      0      0      0      0
      0      0      0    945      0      0      0      0      0      0
      0      0      0      0      0      0      0      0      0      0
      0      0      0      0      0      0      0      0      0      0
      0      0      0      0      0      0      0      0      0      0
      0      0      0      0      0      0      0      0      0      0
      0      0      0      0      0      0      0      0      0      0
      0      0      0      0      0      0      0      0      0      0
      0      0      0      0      0      0      0      0      0      0
      0      0      0      0      0    960      0      0      0      0
      0      0      0      0      0      0      0      0      0      0
      0      0      0      0      0      0      0      0      0      0
      0      0      0      0      0      0      0      0      0      0
      0      0      0      0      0      0      0      0      0      0
      0      0      0      0      0      0      0      0      0      0
      0      0      0      0      0      0      0      0      0      0
      0      0      0      0      0      0      0      0      0      0
      0      0      0    909    940      0      0      0      0      0
      0      0      0      0      0      0      0      0      0      0
      0      0      0      0      0      0      0      0      0      0
      0      0      0      0      0      0      0      0      0      0
      0      0      0      0      0      0      0      0      0      0
      0      0      0      0      0      0      0      0      0      0
      0      0      0      0      0      0      0      0      0      0
      0      0      0      0      0      0      0      0      0      0
    839    862    885    913      0      0      0      0      0      0
      0      0      0      0      0      0      0      0      0      0
      0      0      0      0      0      0      0      0      0      0
      0      0      0      0      0      0      0      0      0      0
      0      0      0      0      0      0      0      0      0      0
      0      0      0      0      0      0      0      0      0      0
      0      0      0      0      0      0      0      0      0      0
      0      0      0      0      0      0      0      0    782    802
    826      0      0      0      0      0      0      0      0      0
      0      0      0      0      0      0      0      0      0      0
      0      0      0      0      0      0      0      0      0      0
      0      0      0      0      0      0      0      0      0      0
      0      0      0      0      0      0      0      0      0      0
      0      0      0      0      0      0      0      0      0      0
      0      0      0      0      0      0      0      0      0      0
      0      0      0      0      0    715    733    752    772    790
      0      0      0    944      0      0      0      0   1144      0
      0      0      0      0      0      0      0      0      0      0
      0      0      0      0      0      0      0      0      0      0
      0      0      0      0      0      0      0      0      0      0
      0      0      0      0      0      0      0      0      0      0
      0      0      0      0      0      0      0      0      0      0
      0      0      0      0      0      0      0      0      0      0
      0      0      0    673    688    704    720    740    762    786
    819    866    916    956    997      0   1097   1121   1117   1158
   1199      0      0      0      0      0      0      0      0      0
      0      0      0      0      0      0      0      0      0      0
      0      0      0      0      0      0      0      0      0      0
      0      0      0      0      0      0      0      0      0      0
      0      0      0      0      0      0      0      0      0      0
      0      0      0      0      0      0      0      0    574    587
    602    619    637    656    673    691    708    728    751    780
    819    867    921      0      0      0   1110   1121      0      0
      0      0      0      0      0      0      0      0      0      0
      0      0      0      0      0      0      0      0      0      0
      0      0      0      0      0      0      0      0      0      0
      0      0      0      0      0      0      0      0      0      0
      0      0      0      0      0      0      0      0    513    512
      0      0      0    518    524      0    542    552    564    575
    589    604    620    637    657    675    694    714    736    765
      0      0      0      0      0      0      0   1042      0      0
      0      0      0      0      0      0      0      0      0      0
      0      0      0      0      0      0      0      0      0      0
      0      0      0      0      0      0      0      0      0      0
      0      0      0      0      0      0      0      0      0      0
      0      0      0      0      0      0      0      0      0      0
    496    499    501    504    511    522    530    539    549    560
    573    587    604    621    640    658    674    691      0      0
      0      0      0      0      0      0      0      0      0      0
      0      0      0      0      0      0      0      0      0      0
      0      0      0      0      0      0      0      0      0      0
      0      0      0      0      0      0      0      0      0      0
      0      0      0      0      0      0      0      0      0      0
      0      0      0      0      0      0      0      0    472      0
    481    486    485    486    494    503    513    523    532    544
    556    572    587    603    619    635      0      0      0      0
      0      0      0      0      0      0      0      0      0      0
      0      0      0      0      0      0      0      0      0      0
      0      0      0      0      0      0      0      0      0      0
      0      0      0      0      0      0      0      0      0      0
      0      0      0      0      0      0      0      0      0      0
      0      0      0      0      0      0      0      0      0      0
    460    465    468    472    477    485    494    504    517    531
    544    558    570    581      0      0      0      0      0      0
      0      0      0      0      0      0      0      0      0      0
      0      0      0      0      0      0      0      0      0      0
      0      0      0      0      0      0      0      0      0      0
      0      0      0      0      0      0      0      0      0      0
      0      0      0      0      0      0      0      0      0      0
      0      0      0      0      0      0      0      0    430    434
    436      0    451    457    461    465    472    483    498    516
    532    542      0      0      0      0      0      0      0      0
      0      0      0      0      0      0      0      0      0      0
      0      0      0      0      0      0      0      0      0      0
      0      0      0      0      0      0      0      0      0      0
      0      0      0      0      0      0      0      0      0      0
      0      0      0      0      0      0      0      0      0      0
      0      0      0      0    382      0      0    400    412    413
      0    424    434    441    442    444    448    458    475    495
      0      0      0      0      0      0      0      0      0      0
      0      0      0      0      0      0      0      0      0      0
      0      0      0      0      0      0      0      0      0      0
      0      0      0      0      0      0      0      0      0      0
      0      0      0      0      0      0      0      0      0      0
      0    322      0      0    334      0      0    349      0      0
      0      0    364      0    366    368    373    381    390    397
    402    410    417    421    420    418    421    431      0    464
      0      0      0      0      0      0      0      0      0      0
      0      0      0      0      0      0      0      0      0      0
      0      0      0      0      0      0      0      0      0      0
      0      0      0      0      0      0      0      0      0      0
      0      0      0      0      0      0      0      0      0      0
    320      0      0      0    332    337      0      0      0      0
      0    350    351    353    354    356    359    364    371    380
    390    393    397    400    397    393    397      0    415      0
      0      0      0      0      0      0      0      0      0      0
      0      0      0      0      0      0      0      0      0      0
      0      0      0      0      0      0      0      0      0      0
      0      0      0      0      0      0      0      0      0      0
      0      0      0      0      0      0      0      0      0      0
      0    320      0      0    328      0    334    337    339    338
    337    337    339    341    343    345    347    350    354    360
    366    370    373    375    375    375      0    379      0      0
      0      0      0      0      0      0      0      0      0      0
      0      0      0      0      0      0      0      0      0      0
      0      0      0      0      0      0      0      0      0      0
      0      0      0      0      0      0      0      0      0      0
      0      0      0      0      0      0      0      0      0    315
    316    317      0    320    322    324    326    327    327    327
    326    326    327    329    333    335    336    335    335    337
    339    342    344    348    352    355    356    354      0      0
      0      0      0      0      0      0      0      0      0      0
      0      0      0      0      0      0      0      0      0      0
      0      0      0      0      0      0      0      0      0      0
      0      0      0      0      0      0      0      0      0      0
      0      0      0      0      0      0      0      0    311    312
    312    313    313    314    315    315    317    317    316    316
    316    315    315    317    320    324    322    319    316    313
    311    311    313    317    321    328    325      0      0      0
      0      0      0      0      0      0      0      0      0      0
      0      0      0      0      0      0      0      0      0      0
      0      0      0      0      0      0      0      0      0      0
      0      0      0      0      0      0      0      0      0      0
      0      0      0      0      0      0      0      0    307    308
    307    308    308    308    308    308    308    308    307    306
    305    304    303    303    304    305    304    302    297    289
    282    281    281    282    282    281    280    277      0      0
      0      0      0      0      0      0      0      0      0      0
      0      0      0      0      0      0      0      0      0      0
      0      0      0      0      0      0      0      0      0      0
      0      0      0      0      0      0      0      0      0      0
      0      0      0      0      0    303    303    303    303    303
    302    302    302    302    301    301    300    300    300    297
    295    293    291    289    287    285    285    284    280    268
    256    254    253    250    244    234    235    231      0      0
      0      0      0      0      0      0      0      0      0      0
      0      0      0      0      0      0      0      0      0      0
      0      0      0      0      0      0      0      0      0      0
      0      0      0      0      0      0      0      0    303      0
      0      0    302    302    301    300    300    299    299    299
    298    297    297    296    294    293    292    291    289    287
    284    281    278    275    272    270    268    266    260    251
    240    233    228    222    215    209    204    195      0    170
      0      0      0      0      0      0      0      0      0      0
      0      0      0      0      0      0      0      0      0      0
      0      0      0      0      0      0      0      0      0      0
      0      0      0      0      0      0      0    303    302    302
    301    300    300    299    298    297    296    296    295    295
    294    293    291    289    287    286    284    281    278    276
    273    270    266    263    259    256    254    250    244    236
    226    217    208    200    194    190    186    178    161    137
    111      0      0      0      0      0      0      0      0      0
      0      0      0      0      0      0      0      0      0      0
      0      0      0      0      0      0      0      0      0      0
      0      0      0      0      0      0      0    301    301    300
    299    298    297    297    295    293    292    292    292    291
    290    288    285    282    281    278    275    272    268    266
    263    260    256    252    248    244    242    238    231    223
    213    201    191    183    177    173    171    167    141    111
     81      0      0      0      0      0      0      0      0      0
      0      0      0      0      0      0      0      0      0      0
      0      0      0      0      0      0      0      0      0      0
      0      0      0      0      0      0    299    299    298    298
    297    296    294    293    291    290    289    288    287    285
    284    282    280    277    274    271    267    264    260    257
    254    251    248    244    239    235    232    229    222    210
    196    185    177    169    161    155    150    140    119     94
     70     50     30      0      0      0      0      0      0      0
      0      0      0      0      0      0      0      0      0      0
      0      0      0      0      0      0      0      0      0      0
      0      0      0      0      0    299    297    296    295    295
    295    293    291    289    288    287    285    283    281    280
    278    276    275    272    268    263    260    257    253    250
    246    243    239    236    230    226    222    219    214    197
    180    171    165    158    148    138    131    118     99     84
     67     46     25      0      0      0      0      0      0      0
      0      0      0      0      0      0      0      0      0      0
      0      0      0      0      0      0      0      0      0      0
      0      0      0      0    300    298    295    294    294    293
    292    291    289    287    285    283    281    279    277    274
    272    270    268    265    261    257    253    250    246    242
    238    234    230    225    220    215    211    207    199    184
    170    161    155    149    141    131    120    107     92     79
      0      0      0      0      0      0      0      0      0      0
      0      0      0      0      0      0      0      0      0      0
      0      0      0      0      0      0      0      0      0      0
      0      0      0      0    299    297    295    293    292    291
    289    288    287    285    282    280    277    274    272    269
    266    263    261    257    254    250    246    242    238    234
    230    225    219    214    208    203    199    194    185    172
    159    151    146    142    137    128    116    102      0      0
      0      0      0      0      0      0      0      0      0      0
      0      0      0      0      0      0      0      0      0      0
      0      0      0      0      0      0      0      0      0      0
      0      0      0    298    297    296    293    292    291    289
    287    286    284    282    279    275    273    270    266    263
    260    256    253    250    246    242    238    234    230    225
    220    214    208    203    197    191    188    183    175    161
    148    141    138    136    133      0      0      0      0      0
      0      0      0      0      0      0      0      0      0      0
      0      0      0      0      0      0      0      0      0      0
      0      0      0      0      0      0      0      0      0      0
      0      0    295    294    293    292    291    290    289    287
    285    283    281    279    275    272    268    264    261    257
    253    249    246    242    238    233    229    225    220    215
    210    203    197    191    187    183    178    173    164    152
    140    133    129      0      0      0      0      0      0      0
      0      0      0      0      0      0      0      0      0      0
      0      0      0      0      0      0      0      0      0      0
      0      0      0      0      0      0      0      0      0      0
      0    294    293    291    290    288    288    288    286    285
    283    280    277    274    271    267    262    258    254    250
    246    242    238    234    230    225    220    215    210    205
    199    193    186    180    178    175    170    163    155    143
      0      0      0      0      0      0      0      0      0      0
      0      0      0      0      0      0      0      0      0      0
      0      0      0      0      0      0      0      0      0      0
      0      0      0      0      0      0      0      0      0      0
      0    293    292    290    289    289    288    287    284    282
    279    276    272    269    265    260    256    251    247    243
    239    236    232    227    222    217    212    206    201    196
    190    184    178    173    170    166    161      0      0      0
      0      0      0      0      0      0      0      0      0      0
      0      0      0      0      0      0      0      0      0      0
      0      0      0      0      0      0      0      0      0      0
      0      0      0      0      0      0      0      0      0      0
      0      0    291    291    290    290    289    286    283    279
    274    271    267    263    258    253    248    243    238    235
    232    229    225    221    216    210    204    198    192    187
    182    177    172    167    162      0      0      0      0      0
      0      0      0      0      0      0      0      0      0      0
      0      0      0      0      0      0      0      0      0      0
      0      0      0      0      0      0      0      0      0      0
      0      0      0      0      0      0      0      0      0      0
      0      0      0    291    291    291    289    286    282    277
    270    266    261    256    251    246    241    236    231    228
    226    222    219    215    209    203    197    190    184    180
    176    171      0      0      0      0      0      0      0      0
      0      0      0      0      0      0      0      0      0      0
      0      0      0      0      0      0      0      0      0      0
      0      0      0      0      0      0      0      0      0      0
      0      0      0      0      0      0      0      0      0      0
      0    291    291    291    290    290    288    285    281    276
    269    261    255    249    244    239    235    230    225    222
    218    215    212    207    202    196    190    185    180    175
      0      0      0      0      0      0      0      0      0      0
      0      0      0      0      0      0      0      0      0      0
      0      0      0      0      0      0      0      0      0      0
      0      0      0      0      0      0      0      0      0      0
      0      0      0      0      0      0      0      0      0      0
    292    292    291    290    289    287    287    284    280    273
    266    256    248    241    236    233    229    225    221    216
    212    209    205    201    196    190    185      0      0      0
      0      0      0      0      0      0      0      0      0      0
      0      0      0      0      0      0      0      0      0      0
      0      0      0      0      0      0      0      0      0      0
      0      0      0      0      0      0      0      0      0      0
      0      0      0      0      0      0      0      0      0      0
      0    292    291    289    288    287    286    283    277    268
    258    248    240    234    230    227    224    220    215    211
    207    203    199    195    191      0      0      0      0      0
      0      0      0      0      0      0      0      0      0      0
      0      0      0      0      0      0      0      0      0      0
      0      0      0      0      0      0      0      0      0      0
      0      0      0      0      0      0      0      0      0      0
      0      0      0      0      0      0      0      0      0      0
      0      0    291    289    288    287    285    281    272    261
    249    239    232    227    224    222    218    214    210    206
    202    198      0      0      0      0      0      0      0      0
      0      0      0      0      0      0      0      0      0      0
      0      0      0      0      0      0      0      0      0      0
      0      0      0      0      0      0      0      0      0      0
      0      0      0      0      0      0      0      0      0      0
      0      0      0      0      0      0      0      0      0      0
      0      0      0    290    288    286    284    280    268    253
    239    230    224    220    218    217    213    209    204      0
      0      0      0      0      0      0      0      0      0      0
      0      0      0      0      0      0      0      0      0      0
      0      0      0      0      0      0      0      0      0      0
      0      0      0      0      0      0      0      0      0      0
      0      0      0      0      0      0      0      0      0      0
      0      0      0      0      0      0      0      0      0      0
      0      0    294    292    290    287    282    274    262    247
    233    224    217    213    211    209    206      0      0      0
      0      0      0      0      0      0      0      0      0      0
      0      0      0      0      0      0      0      0      0      0
      0      0      0      0      0      0      0      0      0      0
      0      0      0      0      0      0      0      0      0      0
      0      0      0      0      0      0      0      0      0      0
      0      0      0      0      0      0      0      0      0      0
      0      0      0      0    292    287    279    268    255      0
    229    218    211    207      0      0      0      0      0      0
      0      0      0      0      0      0      0      0      0      0
      0      0      0      0      0      0      0      0      0      0
      0      0      0      0      0      0      0      0      0      0
      0      0      0      0      0      0      0      0      0      0
      0      0      0      0      0      0      0      0      0      0
      0      0      0      0      0      0      0      0      0      0
