O1  
  1 -1  0  0  0  0
      45     950
      41     850
     -62    -950
     -70    -950
      41      80
Bay of Fundy                                      
      0      0      0      0      0      0      0      0      0      0
      0      0      0      0      0      0      0      0      0      0
      0      0      0      0      0      0      0      0      0      0
      0      0      0      0      0      0      0      0      0      0
      0      0      0      0      0      0      0      0      0      0
      0      0      0      0      0      0      0      0      0      0
      0      0      0   -142      0      0      0      0      0      0
      0      0      0      0      0      0      0      0      0      0
      0      0      0      0      0      0      0      0      0      0
      0      0      0      0      0      0      0      0      0      0
      0      0      0      0      0      0      0      0      0      0
      0      0      0      0      0      0      0      0      0      0
      0      0      0      0      0      0      0      0      0      0
      0      0      0      0      0      0      0      0      0      0
      0      0      0      0      0   -131      0      0      0      0
      0      0      0      0      0      0      0      0      0      0
      0      0      0      0      0      0      0      0      0      0
      0      0      0      0      0      0      0      0      0      0
      0      0      0      0      0      0      0      0      0      0
      0      0      0      0      0      0      0      0      0      0
      0      0      0      0      0      0      0      0      0      0
      0      0      0      0      0      0      0      0      0      0
      0      0      0   -134   -133      0      0      0      0      0
      0      0      0      0      0      0      0      0      0      0
      0      0      0      0      0      0      0      0      0      0
      0      0      0      0      0      0      0      0      0      0
      0      0      0      0      0      0      0      0      0      0
      0      0      0      0      0      0      0      0      0      0
      0      0      0      0      0      0      0      0      0      0
      0      0      0      0      0      0      0      0      0      0
   -120   -123   -127   -129      0      0      0      0      0      0
      0      0      0      0      0      0      0      0      0      0
      0      0      0      0      0      0      0      0      0      0
      0      0      0      0      0      0      0      0      0      0
      0      0      0      0      0      0      0      0      0      0
      0      0      0      0      0      0      0      0      0      0
      0      0      0      0      0      0      0      0      0      0
      0      0      0      0      0      0      0      0   -116   -116
   -117      0      0      0      0      0      0      0      0      0
      0      0      0      0      0      0      0      0      0      0
      0      0      0      0      0      0      0      0      0      0
      0      0      0      0      0      0      0      0      0      0
      0      0      0      0      0      0      0      0      0      0
      0      0      0      0      0      0      0      0      0      0
      0      0      0      0      0      0      0      0      0      0
      0      0      0      0      0   -112   -114   -115   -116   -117
      0      0      0   -122      0      0      0      0   -129      0
      0      0      0      0      0      0      0      0      0      0
      0      0      0      0      0      0      0      0      0      0
      0      0      0      0      0      0      0      0      0      0
      0      0      0      0      0      0      0      0      0      0
      0      0      0      0      0      0      0      0      0      0
      0      0      0      0      0      0      0      0      0      0
      0      0      0   -111   -112   -113   -114   -115   -117   -118
   -120   -121   -122   -121   -121      0   -127   -129   -127   -127
   -126      0      0      0      0      0      0      0      0      0
      0      0      0      0      0      0      0      0      0      0
      0      0      0      0      0      0      0      0      0      0
      0      0      0      0      0      0      0      0      0      0
      0      0      0      0      0      0      0      0      0      0
      0      0      0      0      0      0      0      0   -109   -109
   -108   -109   -110   -111   -112   -113   -115   -116   -118   -119
   -121   -121   -122      0      0      0   -128   -128      0      0
      0      0      0      0      0      0      0      0      0      0
      0      0      0      0      0      0      0      0      0      0
      0      0      0      0      0      0      0      0      0      0
      0      0      0      0      0      0      0      0      0      0
      0      0      0      0      0      0      0      0   -109   -109
      0      0      0   -109   -109      0   -109   -109   -109   -108
   -108   -109   -110   -112   -113   -114   -115   -117   -117   -118
      0      0      0      0      0      0      0   -120      0      0
      0      0      0      0      0      0      0      0      0      0
      0      0      0      0      0      0      0      0      0      0
      0      0      0      0      0      0      0      0      0      0
      0      0      0      0      0      0      0      0      0      0
      0      0      0      0      0      0      0      0      0      0
   -109   -109   -109   -109   -109   -109   -109   -109   -108   -108
   -108   -109   -111   -112   -114   -115   -116   -116      0      0
      0      0      0      0      0      0      0      0      0      0
      0      0      0      0      0      0      0      0      0      0
      0      0      0      0      0      0      0      0      0      0
      0      0      0      0      0      0      0      0      0      0
      0      0      0      0      0      0      0      0      0      0
      0      0      0      0      0      0      0      0   -109      0
   -109   -109   -108   -108   -108   -108   -108   -108   -108   -108
   -109   -110   -111   -113   -114   -115      0      0      0      0
      0      0      0      0      0      0      0      0      0      0
      0      0      0      0      0      0      0      0      0      0
      0      0      0      0      0      0      0      0      0      0
      0      0      0      0      0      0      0      0      0      0
      0      0      0      0      0      0      0      0      0      0
      0      0      0      0      0      0      0      0      0      0
   -109   -109   -108   -108   -108   -108   -107   -108   -108   -109
   -109   -110   -111   -112      0      0      0      0      0      0
      0      0      0      0      0      0      0      0      0      0
      0      0      0      0      0      0      0      0      0      0
      0      0      0      0      0      0      0      0      0      0
      0      0      0      0      0      0      0      0      0      0
      0      0      0      0      0      0      0      0      0      0
      0      0      0      0      0      0      0      0   -109   -109
   -109      0   -108   -108   -107   -107   -107   -107   -108   -109
   -110   -111      0      0      0      0      0      0      0      0
      0      0      0      0      0      0      0      0      0      0
      0      0      0      0      0      0      0      0      0      0
      0      0      0      0      0      0      0      0      0      0
      0      0      0      0      0      0      0      0      0      0
      0      0      0      0      0      0      0      0      0      0
      0      0      0      0   -109      0      0   -109   -109   -109
      0   -109   -108   -108   -107   -107   -107   -106   -108   -109
      0      0      0      0      0      0      0      0      0      0
      0      0      0      0      0      0      0      0      0      0
      0      0      0      0      0      0      0      0      0      0
      0      0      0      0      0      0      0      0      0      0
      0      0      0      0      0      0      0      0      0      0
      0   -109      0      0   -109      0      0   -110      0      0
      0      0   -110      0   -109   -109   -109   -109   -109   -109
   -109   -109   -108   -108   -108   -107   -107   -107      0   -108
      0      0      0      0      0      0      0      0      0      0
      0      0      0      0      0      0      0      0      0      0
      0      0      0      0      0      0      0      0      0      0
      0      0      0      0      0      0      0      0      0      0
      0      0      0      0      0      0      0      0      0      0
   -109      0      0      0   -109   -109      0      0      0      0
      0   -109   -109   -109   -109   -109   -109   -109   -109   -109
   -108   -108   -108   -108   -107   -107   -107      0   -107      0
      0      0      0      0      0      0      0      0      0      0
      0      0      0      0      0      0      0      0      0      0
      0      0      0      0      0      0      0      0      0      0
      0      0      0      0      0      0      0      0      0      0
      0      0      0      0      0      0      0      0      0      0
      0   -109      0      0   -109      0   -109   -109   -109   -109
   -109   -109   -109   -108   -108   -108   -108   -108   -108   -108
   -107   -107   -107   -107   -107   -107      0   -106      0      0
      0      0      0      0      0      0      0      0      0      0
      0      0      0      0      0      0      0      0      0      0
      0      0      0      0      0      0      0      0      0      0
      0      0      0      0      0      0      0      0      0      0
      0      0      0      0      0      0      0      0      0   -109
   -109   -109      0   -109   -109   -108   -108   -108   -108   -108
   -108   -108   -108   -108   -107   -107   -107   -107   -107   -106
   -106   -106   -106   -107   -106   -106   -105   -105      0      0
      0      0      0      0      0      0      0      0      0      0
      0      0      0      0      0      0      0      0      0      0
      0      0      0      0      0      0      0      0      0      0
      0      0      0      0      0      0      0      0      0      0
      0      0      0      0      0      0      0      0   -109   -109
   -109   -108   -108   -108   -108   -108   -107   -107   -107   -107
   -107   -107   -107   -107   -106   -106   -106   -106   -106   -105
   -105   -105   -105   -106   -105   -105   -104      0      0      0
      0      0      0      0      0      0      0      0      0      0
      0      0      0      0      0      0      0      0      0      0
      0      0      0      0      0      0      0      0      0      0
      0      0      0      0      0      0      0      0      0      0
      0      0      0      0      0      0      0      0   -109   -109
   -108   -108   -107   -107   -107   -107   -106   -106   -106   -106
   -105   -105   -105   -105   -105   -105   -105   -105   -104   -104
   -104   -104   -104   -104   -104   -104   -103   -102      0      0
      0      0      0      0      0      0      0      0      0      0
      0      0      0      0      0      0      0      0      0      0
      0      0      0      0      0      0      0      0      0      0
      0      0      0      0      0      0      0      0      0      0
      0      0      0      0      0   -110   -109   -109   -108   -108
   -107   -107   -106   -106   -106   -105   -105   -105   -105   -105
   -104   -104   -104   -104   -104   -104   -104   -103   -103   -103
   -103   -103   -103   -102   -102   -102   -101   -100      0      0
      0      0      0      0      0      0      0      0      0      0
      0      0      0      0      0      0      0      0      0      0
      0      0      0      0      0      0      0      0      0      0
      0      0      0      0      0      0      0      0   -109      0
      0      0   -109   -109   -109   -109   -109   -108   -107   -107
   -106   -106   -105   -105   -105   -104   -104   -104   -104   -104
   -103   -103   -103   -103   -103   -103   -103   -103   -102   -102
   -102   -102   -102   -101   -101   -101   -100    -98      0    -94
      0      0      0      0      0      0      0      0      0      0
      0      0      0      0      0      0      0      0      0      0
      0      0      0      0      0      0      0      0      0      0
      0      0      0      0      0      0      0   -109   -109   -109
   -109   -108   -108   -108   -107   -107   -107   -107   -106   -105
   -105   -105   -104   -104   -104   -104   -103   -103   -103   -103
   -103   -102   -102   -102   -102   -102   -102   -102   -102   -102
   -102   -101   -101   -101   -100   -100    -99    -98    -96    -93
    -89      0      0      0      0      0      0      0      0      0
      0      0      0      0      0      0      0      0      0      0
      0      0      0      0      0      0      0      0      0      0
      0      0      0      0      0      0      0   -109   -109   -109
   -108   -108   -107   -107   -106   -106   -106   -105   -104   -104
   -104   -103   -103   -103   -103   -103   -102   -102   -102   -102
   -102   -101   -101   -101   -101   -101   -101   -101   -101   -101
   -101   -100   -100   -100    -99    -99    -98    -97    -94    -91
    -88      0      0      0      0      0      0      0      0      0
      0      0      0      0      0      0      0      0      0      0
      0      0      0      0      0      0      0      0      0      0
      0      0      0      0      0      0   -109   -109   -109   -108
   -108   -107   -107   -106   -106   -105   -105   -104   -104   -103
   -103   -102   -102   -102   -102   -102   -101   -101   -101   -101
   -101   -100   -100   -100   -100   -100   -100   -100   -100   -100
    -99    -99    -99    -99    -98    -97    -97    -95    -93    -90
    -88    -85    -82      0      0      0      0      0      0      0
      0      0      0      0      0      0      0      0      0      0
      0      0      0      0      0      0      0      0      0      0
      0      0      0      0      0   -108   -108   -108   -108   -108
   -107   -107   -106   -106   -105   -104   -104   -103   -103   -102
   -101   -101   -101   -101   -101   -100   -100   -100   -100   -100
    -99    -99    -99    -99    -99    -98    -98    -98    -98    -98
    -97    -97    -97    -97    -97    -96    -94    -93    -91    -89
    -88    -85    -82      0      0      0      0      0      0      0
      0      0      0      0      0      0      0      0      0      0
      0      0      0      0      0      0      0      0      0      0
      0      0      0      0   -108   -108   -108   -107   -107   -107
   -106   -106   -105   -105   -104   -103   -103   -102   -102   -101
   -100   -100   -100   -100   -100    -99    -99    -99    -99    -98
    -98    -98    -98    -97    -97    -97    -96    -96    -96    -96
    -95    -95    -95    -95    -94    -93    -92    -91    -89    -88
      0      0      0      0      0      0      0      0      0      0
      0      0      0      0      0      0      0      0      0      0
      0      0      0      0      0      0      0      0      0      0
      0      0      0      0   -108   -108   -107   -107   -106   -106
   -105   -105   -104   -104   -103   -102   -102   -101   -101   -100
    -99    -99    -99    -99    -98    -98    -98    -97    -97    -97
    -96    -96    -96    -95    -95    -95    -94    -94    -94    -93
    -93    -93    -92    -92    -91    -90    -89    -88      0      0
      0      0      0      0      0      0      0      0      0      0
      0      0      0      0      0      0      0      0      0      0
      0      0      0      0      0      0      0      0      0      0
      0      0      0   -108   -108   -107   -106   -106   -106   -105
   -104   -103   -103   -102   -102   -101   -100   -100    -99    -99
    -98    -98    -98    -98    -97    -97    -96    -96    -95    -95
    -95    -94    -94    -93    -93    -92    -92    -92    -91    -91
    -90    -90    -89    -89    -88      0      0      0      0      0
      0      0      0      0      0      0      0      0      0      0
      0      0      0      0      0      0      0      0      0      0
      0      0      0      0      0      0      0      0      0      0
      0      0   -108   -108   -107   -106   -106   -105   -105   -104
   -103   -102   -102   -101   -100    -99    -99    -99    -98    -98
    -97    -97    -96    -96    -95    -95    -95    -94    -94    -93
    -93    -92    -92    -91    -91    -90    -89    -89    -89    -88
    -87    -87    -86      0      0      0      0      0      0      0
      0      0      0      0      0      0      0      0      0      0
      0      0      0      0      0      0      0      0      0      0
      0      0      0      0      0      0      0      0      0      0
      0   -109   -108   -107   -106   -105   -105   -104   -104   -103
   -102   -102   -101   -100    -99    -98    -98    -97    -97    -97
    -96    -96    -95    -94    -94    -93    -93    -93    -92    -91
    -90    -90    -90    -89    -88    -88    -87    -87    -86    -85
      0      0      0      0      0      0      0      0      0      0
      0      0      0      0      0      0      0      0      0      0
      0      0      0      0      0      0      0      0      0      0
      0      0      0      0      0      0      0      0      0      0
      0   -108   -107   -106   -105   -105   -104   -104   -103   -102
   -102   -101   -100    -99    -98    -97    -97    -97    -96    -96
    -95    -94    -94    -93    -92    -92    -92    -91    -90    -90
    -89    -88    -88    -87    -86    -86    -85      0      0      0
      0      0      0      0      0      0      0      0      0      0
      0      0      0      0      0      0      0      0      0      0
      0      0      0      0      0      0      0      0      0      0
      0      0      0      0      0      0      0      0      0      0
      0      0   -106   -106   -105   -104   -103   -103   -102   -102
   -101   -100    -99    -98    -97    -97    -96    -96    -95    -95
    -94    -93    -92    -92    -91    -91    -90    -90    -89    -88
    -87    -87    -86    -86    -85      0      0      0      0      0
      0      0      0      0      0      0      0      0      0      0
      0      0      0      0      0      0      0      0      0      0
      0      0      0      0      0      0      0      0      0      0
      0      0      0      0      0      0      0      0      0      0
      0      0      0   -105   -104   -103   -102   -102   -102   -101
   -100    -99    -98    -98    -97    -96    -95    -95    -95    -94
    -93    -92    -91    -91    -90    -90    -89    -88    -87    -87
    -86    -85      0      0      0      0      0      0      0      0
      0      0      0      0      0      0      0      0      0      0
      0      0      0      0      0      0      0      0      0      0
      0      0      0      0      0      0      0      0      0      0
      0      0      0      0      0      0      0      0      0      0
      0   -105   -105   -105   -104   -103   -102   -101   -101   -100
    -99    -98    -97    -97    -96    -95    -95    -94    -94    -93
    -92    -91    -90    -90    -89    -89    -88    -87    -87    -86
      0      0      0      0      0      0      0      0      0      0
      0      0      0      0      0      0      0      0      0      0
      0      0      0      0      0      0      0      0      0      0
      0      0      0      0      0      0      0      0      0      0
      0      0      0      0      0      0      0      0      0      0
   -104   -104   -104   -104   -103   -102   -101   -101   -100    -99
    -98    -98    -97    -96    -95    -94    -94    -93    -93    -92
    -91    -90    -90    -89    -89    -88    -88      0      0      0
      0      0      0      0      0      0      0      0      0      0
      0      0      0      0      0      0      0      0      0      0
      0      0      0      0      0      0      0      0      0      0
      0      0      0      0      0      0      0      0      0      0
      0      0      0      0      0      0      0      0      0      0
      0   -103   -103   -103   -103   -102   -101   -100    -99    -99
    -98    -97    -96    -95    -94    -94    -93    -93    -92    -92
    -91    -90    -89    -88    -88      0      0      0      0      0
      0      0      0      0      0      0      0      0      0      0
      0      0      0      0      0      0      0      0      0      0
      0      0      0      0      0      0      0      0      0      0
      0      0      0      0      0      0      0      0      0      0
      0      0      0      0      0      0      0      0      0      0
      0      0   -102   -102   -102   -101   -101   -100    -99    -99
    -98    -97    -96    -95    -94    -93    -93    -92    -92    -91
    -90    -90      0      0      0      0      0      0      0      0
      0      0      0      0      0      0      0      0      0      0
      0      0      0      0      0      0      0      0      0      0
      0      0      0      0      0      0      0      0      0      0
      0      0      0      0      0      0      0      0      0      0
      0      0      0      0      0      0      0      0      0      0
      0      0      0   -101   -101   -101   -100    -99    -99    -99
    -98    -97    -96    -95    -94    -93    -93    -92    -92      0
      0      0      0      0      0      0      0      0      0      0
      0      0      0      0      0      0      0      0      0      0
      0      0      0      0      0      0      0      0      0      0
      0      0      0      0      0      0      0      0      0      0
      0      0      0      0      0      0      0      0      0      0
      0      0      0      0      0      0      0      0      0      0
      0      0    -99   -100   -100   -100   -100    -99    -99    -98
    -98    -97    -96    -95    -94    -93    -92      0      0      0
      0      0      0      0      0      0      0      0      0      0
      0      0      0      0      0      0      0      0      0      0
      0      0      0      0      0      0      0      0      0      0
      0      0      0      0      0      0      0      0      0      0
      0      0      0      0      0      0      0      0      0      0
      0      0      0      0      0      0      0      0      0      0
      0      0      0      0    -99    -99    -99    -99    -99      0
    -97    -97    -96    -95      0      0      0      0      0      0
      0      0      0      0      0      0      0      0      0      0
      0      0      0      0      0      0      0      0      0      0
      0      0      0      0      0      0      0      0      0      0
      0      0      0      0      0      0      0      0      0      0
      0      0      0      0      0      0      0      0      0      0
      0      0      0      0      0      0      0      0      0      0
      0      0      0      0      0      0      0      0      0      0
      0      0      0      0      0      0      0      0      0      0
      0      0      0      0      0      0      0      0      0      0
      0      0      0      0      0      0      0      0      0      0
      0      0      0      0      0      0      0      0      0      0
      0      0      0      0      0      0      0      0      0      0
      0      0      0     -2      0      0      0      0      0      0
      0      0      0      0      0      0      0      0      0      0
      0      0      0      0      0      0      0      0      0      0
      0      0      0      0      0      0      0      0      0      0
      0      0      0      0      0      0      0      0      0      0
      0      0      0      0      0      0      0      0      0      0
      0      0      0      0      0      0      0      0      0      0
      0      0      0      0      0      0      0      0      0      0
      0      0      0      0      0      1      0      0      0      0
      0      0      0      0      0      0      0      0      0      0
      0      0      0      0      0      0      0      0      0      0
      0      0      0      0      0      0      0      0      0      0
      0      0      0      0      0      0      0      0      0      0
      0      0      0      0      0      0      0      0      0      0
      0      0      0      0      0      0      0      0      0      0
      0      0      0      0      0      0      0      0      0      0
      0      0      0      3      1      0      0      0      0      0
      0      0      0      0      0      0      0      0      0      0
      0      0      0      0      0      0      0      0      0      0
      0      0      0      0      0      0      0      0      0      0
      0      0      0      0      0      0      0      0      0      0
      0      0      0      0      0      0      0      0      0      0
      0      0      0      0      0      0      0      0      0      0
      0      0      0      0      0      0      0      0      0      0
      7      7      6      3      0      0      0      0      0      0
      0      0      0      0      0      0      0      0      0      0
      0      0      0      0      0      0      0      0      0      0
      0      0      0      0      0      0      0      0      0      0
      0      0      0      0      0      0      0      0      0      0
      0      0      0      0      0      0      0      0      0      0
      0      0      0      0      0      0      0      0      0      0
      0      0      0      0      0      0      0      0      9     10
      9      0      0      0      0      0      0      0      0      0
      0      0      0      0      0      0      0      0      0      0
      0      0      0      0      0      0      0      0      0      0
      0      0      0      0      0      0      0      0      0      0
      0      0      0      0      0      0      0      0      0      0
      0      0      0      0      0      0      0      0      0      0
      0      0      0      0      0      0      0      0      0      0
      0      0      0      0      0     10     10     11     12     12
      0      0      0      3      0      0      0      0    -22      0
      0      0      0      0      0      0      0      0      0      0
      0      0      0      0      0      0      0      0      0      0
      0      0      0      0      0      0      0      0      0      0
      0      0      0      0      0      0      0      0      0      0
      0      0      0      0      0      0      0      0      0      0
      0      0      0      0      0      0      0      0      0      0
      0      0      0     13     13     12     12     13     14     13
     12     10      8      5     -8      0    -25    -24    -21    -21
    -22      0      0      0      0      0      0      0      0      0
      0      0      0      0      0      0      0      0      0      0
      0      0      0      0      0      0      0      0      0      0
      0      0      0      0      0      0      0      0      0      0
      0      0      0      0      0      0      0      0      0      0
      0      0      0      0      0      0      0      0     11     12
     13     13     14     14     15     15     16     16     16     14
     11      9      6      0      0      0    -23    -22      0      0
      0      0      0      0      0      0      0      0      0      0
      0      0      0      0      0      0      0      0      0      0
      0      0      0      0      0      0      0      0      0      0
      0      0      0      0      0      0      0      0      0      0
      0      0      0      0      0      0      0      0      0      0
      0      0      0      4      7      0     11     12     13     14
     15     15     16     16     17     19     20     20     19     16
      0      0      0      0      0      0      0    -16      0      0
      0      0      0      0      0      0      0      0      0      0
      0      0      0      0      0      0      0      0      0      0
      0      0      0      0      0      0      0      0      0      0
      0      0      0      0      0      0      0      0      0      0
      0      0      0      0      0      0      0      0      0      0
      1      4      6      8     10     12     14     15     16     17
     18     18     18     19     20     21     22     23      0      0
      0      0      0      0      0      0      0      0      0      0
      0      0      0      0      0      0      0      0      0      0
      0      0      0      0      0      0      0      0      0      0
      0      0      0      0      0      0      0      0      0      0
      0      0      0      0      0      0      0      0      0      0
      0      0      0      0      0      0      0      0      3      0
      5      9     12     15     15     16     17     18     19     20
     21     21     21     21     22     24      0      0      0      0
      0      0      0      0      0      0      0      0      0      0
      0      0      0      0      0      0      0      0      0      0
      0      0      0      0      0      0      0      0      0      0
      0      0      0      0      0      0      0      0      0      0
      0      0      0      0      0      0      0      0      0      0
      0      0      0      0      0      0      0      0      0      0
      9     12     15     17     18     19     19     20     21     21
     22     22     23     24      0      0      0      0      0      0
      0      0      0      0      0      0      0      0      0      0
      0      0      0      0      0      0      0      0      0      0
      0      0      0      0      0      0      0      0      0      0
      0      0      0      0      0      0      0      0      0      0
      0      0      0      0      0      0      0      0      0      0
      0      0      0      0      0      0      0      0      7      9
     11      0     17     19     20     20     20     21     22     22
     23     24      0      0      0      0      0      0      0      0
      0      0      0      0      0      0      0      0      0      0
      0      0      0      0      0      0      0      0      0      0
      0      0      0      0      0      0      0      0      0      0
      0      0      0      0      0      0      0      0      0      0
      0      0      0      0      0      0      0      0      0      0
      0      0      0      0      5      0      0      8      9     11
      0     16     18     20     20     20     21     22     22     23
      0      0      0      0      0      0      0      0      0      0
      0      0      0      0      0      0      0      0      0      0
      0      0      0      0      0      0      0      0      0      0
      0      0      0      0      0      0      0      0      0      0
      0      0      0      0      0      0      0      0      0      0
      0      1      0      0      1      0      0      3      0      0
      0      0      4      0      6      7      8      8      9     12
     14     16     18     20     21     21     21     21      0     24
      0      0      0      0      0      0      0      0      0      0
      0      0      0      0      0      0      0      0      0      0
      0      0      0      0      0      0      0      0      0      0
      0      0      0      0      0      0      0      0      0      0
      0      0      0      0      0      0      0      0      0      0
      1      0      0      0      1      1      0      0      0      0
      0      3      4      5      6      7      8      8      9     12
     15     17     18     19     21     22     22      0     24      0
      0      0      0      0      0      0      0      0      0      0
      0      0      0      0      0      0      0      0      0      0
      0      0      0      0      0      0      0      0      0      0
      0      0      0      0      0      0      0      0      0      0
      0      0      0      0      0      0      0      0      0      0
      0      1      0      0      1      0      2      2      3      3
      3      3      4      5      6      7      8      8     10     12
     14     16     18     19     21     23      0     25      0      0
      0      0      0      0      0      0      0      0      0      0
      0      0      0      0      0      0      0      0      0      0
      0      0      0      0      0      0      0      0      0      0
      0      0      0      0      0      0      0      0      0      0
      0      0      0      0      0      0      0      0      0      1
      1      1      0      1      1      1      1      2      2      2
      3      3      4      5      6      7      8      8     10     12
     14     16     17     19     21     23     26     29      0      0
      0      0      0      0      0      0      0      0      0      0
      0      0      0      0      0      0      0      0      0      0
      0      0      0      0      0      0      0      0      0      0
      0      0      0      0      0      0      0      0      0      0
      0      0      0      0      0      0      0      0      0      0
      1      1      1      1      1      1      1      1      1      2
      3      3      4      5      6      7      7      8      9     11
     13     15     17     18     20     23     27      0      0      0
      0      0      0      0      0      0      0      0      0      0
      0      0      0      0      0      0      0      0      0      0
      0      0      0      0      0      0      0      0      0      0
      0      0      0      0      0      0      0      0      0      0
      0      0      0      0      0      0      0      0      0      0
      0      1      1      1      1      1      1      1      1      1
      2      3      3      4      5      6      7      8      9     11
     13     14     16     17     20     23     28     33      0      0
      0      0      0      0      0      0      0      0      0      0
      0      0      0      0      0      0      0      0      0      0
      0      0      0      0      0      0      0      0      0      0
      0      0      0      0      0      0      0      0      0      0
      0      0      0      0      0     -1     -1     -1     -1      0
      0      0      0      0      0      0      0      1      1      1
      1      2      3      3      4      5      6      8      9     11
     12     13     15     17     19     22     27     32      0      0
      0      0      0      0      0      0      0      0      0      0
      0      0      0      0      0      0      0      0      0      0
      0      0      0      0      0      0      0      0      0      0
      0      0      0      0      0      0      0      0     -5      0
      0      0     -1     -1     -1     -1     -1     -1     -1     -1
      0      0      0      0      0      0      0      0      1      1
      1      1      2      3      4      5      6      8      9     10
     12     13     14     16     19     22     27     32      0     45
      0      0      0      0      0      0      0      0      0      0
      0      0      0      0      0      0      0      0      0      0
      0      0      0      0      0      0      0      0      0      0
      0      0      0      0      0      0      0     -7     -6     -5
     -3     -2     -2     -2     -2     -2     -2     -1     -1     -1
     -1     -1     -1     -1     -1     -1      0      0      0      0
      0      0      1      2      3      5      6      7      8     10
     12     13     14     16     18     22     26     32     39     45
     51      0      0      0      0      0      0      0      0      0
      0      0      0      0      0      0      0      0      0      0
      0      0      0      0      0      0      0      0      0      0
      0      0      0      0      0      0      0     -7     -7     -5
     -3     -3     -3     -3     -3     -3     -2     -2     -1     -1
     -1     -1     -1     -1     -1     -1     -1      0      0      0
      0      0      0      1      3      5      5      6      7      9
     12     13     14     15     17     21     25     31     37     44
     51      0      0      0      0      0      0      0      0      0
      0      0      0      0      0      0      0      0      0      0
      0      0      0      0      0      0      0      0      0      0
      0      0      0      0      0      0     -7     -7     -7     -6
     -4     -4     -4     -4     -4     -3     -3     -2     -2     -2
     -2     -2     -1     -1     -1     -1     -1     -1     -1      0
      0      0      0      1      2      3      4      5      7      9
     11     12     13     14     16     18     23     28     34     40
     46     50     54      0      0      0      0      0      0      0
      0      0      0      0      0      0      0      0      0      0
      0      0      0      0      0      0      0      0      0      0
      0      0      0      0      0     -7     -7     -7     -7     -6
     -5     -5     -5     -5     -4     -3     -3     -3     -3     -3
     -3     -2     -2     -1     -1     -1     -1     -1     -1      0
      0      0      0      0      1      1      2      4      6      8
     10     11     13     13     14     16     20     25     30     35
     39     44     49      0      0      0      0      0      0      0
      0      0      0      0      0      0      0      0      0      0
      0      0      0      0      0      0      0      0      0      0
      0      0      0      0     -7     -7     -7     -7     -7     -6
     -6     -6     -6     -5     -5     -4     -4     -4     -4     -4
     -4     -3     -2     -2     -1     -1     -1     -1     -1     -1
      0      0      0      0      0      0      1      3      4      6
      8     10     12     13     14     15     18     22     26     30
      0      0      0      0      0      0      0      0      0      0
      0      0      0      0      0      0      0      0      0      0
      0      0      0      0      0      0      0      0      0      0
      0      0      0      0     -8     -8     -8     -7     -7     -7
     -7     -7     -7     -6     -5     -5     -4     -4     -5     -5
     -5     -4     -3     -2     -2     -2     -2     -1     -1     -1
     -1     -1     -1     -1      0      0      1      1      3      5
      7      9     11     12     13     14     17     20      0      0
      0      0      0      0      0      0      0      0      0      0
      0      0      0      0      0      0      0      0      0      0
      0      0      0      0      0      0      0      0      0      0
      0      0      0     -9     -9     -9     -9     -8     -7     -7
     -7     -7     -7     -7     -6     -5     -5     -5     -5     -5
     -5     -4     -4     -3     -3     -3     -3     -2     -1     -1
     -1     -1     -1     -1     -1      0      0      0      1      3
      5      7      9     11     12      0      0      0      0      0
      0      0      0      0      0      0      0      0      0      0
      0      0      0      0      0      0      0      0      0      0
      0      0      0      0      0      0      0      0      0      0
      0      0    -10    -10    -10    -10    -10     -9     -8     -8
     -7     -7     -7     -7     -6     -6     -5     -6     -6     -6
     -5     -5     -4     -4     -3     -3     -3     -2     -2     -1
     -1     -1     -1     -1     -1     -1      0      0      0      1
      3      5      7      0      0      0      0      0      0      0
      0      0      0      0      0      0      0      0      0      0
      0      0      0      0      0      0      0      0      0      0
      0      0      0      0      0      0      0      0      0      0
      0    -11    -11    -11    -11    -11    -10     -9     -9     -8
     -8     -8     -7     -7     -6     -6     -6     -6     -6     -6
     -5     -5     -4     -4     -3     -3     -3     -3     -3     -2
     -1     -1     -1     -1     -1     -1     -1      0      0      0
      0      0      0      0      0      0      0      0      0      0
      0      0      0      0      0      0      0      0      0      0
      0      0      0      0      0      0      0      0      0      0
      0      0      0      0      0      0      0      0      0      0
      0    -12    -12    -12    -11    -11    -10    -10     -9     -9
     -9     -8     -8     -7     -7     -7     -6     -6     -6     -6
     -5     -5     -4     -4     -4     -3     -3     -3     -3     -2
     -2     -1     -1     -1     -1     -1     -1      0      0      0
      0      0      0      0      0      0      0      0      0      0
      0      0      0      0      0      0      0      0      0      0
      0      0      0      0      0      0      0      0      0      0
      0      0      0      0      0      0      0      0      0      0
      0      0    -12    -12    -11    -10    -10    -10    -10    -10
     -9     -9     -8     -8     -7     -7     -7     -6     -6     -6
     -6     -5     -4     -4     -4     -4     -4     -3     -3     -3
     -3     -2     -1     -1     -1      0      0      0      0      0
      0      0      0      0      0      0      0      0      0      0
      0      0      0      0      0      0      0      0      0      0
      0      0      0      0      0      0      0      0      0      0
      0      0      0      0      0      0      0      0      0      0
      0      0      0    -12    -11    -10    -10    -10    -10    -10
    -10    -10     -9     -8     -8     -8     -8     -7     -6     -6
     -6     -6     -5     -4     -4     -4     -4     -3     -3     -3
     -3     -2      0      0      0      0      0      0      0      0
      0      0      0      0      0      0      0      0      0      0
      0      0      0      0      0      0      0      0      0      0
      0      0      0      0      0      0      0      0      0      0
      0      0      0      0      0      0      0      0      0      0
      0    -13    -13    -12    -11    -11    -11    -11    -11    -11
    -10    -10     -9     -9     -9     -8     -8     -7     -7     -7
     -6     -6     -5     -5     -4     -4     -4     -4     -3     -3
      0      0      0      0      0      0      0      0      0      0
      0      0      0      0      0      0      0      0      0      0
      0      0      0      0      0      0      0      0      0      0
      0      0      0      0      0      0      0      0      0      0
      0      0      0      0      0      0      0      0      0      0
    -14    -14    -13    -12    -12    -12    -12    -12    -12    -11
    -10    -10    -10    -10     -9     -8     -8     -8     -8     -7
     -6     -6     -6     -6     -5     -4     -4      0      0      0
      0      0      0      0      0      0      0      0      0      0
      0      0      0      0      0      0      0      0      0      0
      0      0      0      0      0      0      0      0      0      0
      0      0      0      0      0      0      0      0      0      0
      0      0      0      0      0      0      0      0      0      0
      0    -14    -13    -13    -13    -13    -13    -12    -12    -11
    -10    -10    -10    -10     -9     -9     -8     -8     -8     -7
     -6     -6     -6     -6     -5      0      0      0      0      0
      0      0      0      0      0      0      0      0      0      0
      0      0      0      0      0      0      0      0      0      0
      0      0      0      0      0      0      0      0      0      0
      0      0      0      0      0      0      0      0      0      0
      0      0      0      0      0      0      0      0      0      0
      0      0    -14    -13    -14    -14    -13    -12    -12    -11
    -10    -10    -10    -10     -9     -9     -9     -8     -8     -7
     -6     -6      0      0      0      0      0      0      0      0
      0      0      0      0      0      0      0      0      0      0
      0      0      0      0      0      0      0      0      0      0
      0      0      0      0      0      0      0      0      0      0
      0      0      0      0      0      0      0      0      0      0
      0      0      0      0      0      0      0      0      0      0
      0      0      0    -14    -14    -14    -13    -12    -11    -11
    -10    -10    -10    -10    -10     -9     -9     -8     -8      0
      0      0      0      0      0      0      0      0      0      0
      0      0      0      0      0      0      0      0      0      0
      0      0      0      0      0      0      0      0      0      0
      0      0      0      0      0      0      0      0      0      0
      0      0      0      0      0      0      0      0      0      0
      0      0      0      0      0      0      0      0      0      0
      0      0    -15    -15    -14    -14    -13    -12    -11    -11
    -10    -10    -10    -10    -10     -9     -9      0      0      0
      0      0      0      0      0      0      0      0      0      0
      0      0      0      0      0      0      0      0      0      0
      0      0      0      0      0      0      0      0      0      0
      0      0      0      0      0      0      0      0      0      0
      0      0      0      0      0      0      0      0      0      0
      0      0      0      0      0      0      0      0      0      0
      0      0      0      0    -14    -13    -13    -12    -11      0
    -10    -10    -10    -10      0      0      0      0      0      0
      0      0      0      0      0      0      0      0      0      0
      0      0      0      0      0      0      0      0      0      0
      0      0      0      0      0      0      0      0      0      0
      0      0      0      0      0      0      0      0      0      0
      0      0      0      0      0      0      0      0      0      0
      0      0      0      0      0      0      0      0      0      0
