S2  
  2  2 -2  0  0  0
      45     950
      41     850
     -62    -950
     -70    -950
      41      80
Bay of Fundy                                      
      0      0      0      0      0      0      0      0      0      0
      0      0      0      0      0      0      0      0      0      0
      0      0      0      0      0      0      0      0      0      0
      0      0      0      0      0      0      0      0      0      0
      0      0      0      0      0      0      0      0      0      0
      0      0      0      0      0      0      0      0      0      0
      0      0      0   -597      0      0      0      0      0      0
      0      0      0      0      0      0      0      0      0      0
      0      0      0      0      0      0      0      0      0      0
      0      0      0      0      0      0      0      0      0      0
      0      0      0      0      0      0      0      0      0      0
      0      0      0      0      0      0      0      0      0      0
      0      0      0      0      0      0      0      0      0      0
      0      0      0      0      0      0      0      0      0      0
      0      0      0      0      0   -608      0      0      0      0
      0      0      0      0      0      0      0      0      0      0
      0      0      0      0      0      0      0      0      0      0
      0      0      0      0      0      0      0      0      0      0
      0      0      0      0      0      0      0      0      0      0
      0      0      0      0      0      0      0      0      0      0
      0      0      0      0      0      0      0      0      0      0
      0      0      0      0      0      0      0      0      0      0
      0      0      0   -572   -600      0      0      0      0      0
      0      0      0      0      0      0      0      0      0      0
      0      0      0      0      0      0      0      0      0      0
      0      0      0      0      0      0      0      0      0      0
      0      0      0      0      0      0      0      0      0      0
      0      0      0      0      0      0      0      0      0      0
      0      0      0      0      0      0      0      0      0      0
      0      0      0      0      0      0      0      0      0      0
   -527   -541   -559   -583      0      0      0      0      0      0
      0      0      0      0      0      0      0      0      0      0
      0      0      0      0      0      0      0      0      0      0
      0      0      0      0      0      0      0      0      0      0
      0      0      0      0      0      0      0      0      0      0
      0      0      0      0      0      0      0      0      0      0
      0      0      0      0      0      0      0      0      0      0
      0      0      0      0      0      0      0      0   -481   -493
   -511      0      0      0      0      0      0      0      0      0
      0      0      0      0      0      0      0      0      0      0
      0      0      0      0      0      0      0      0      0      0
      0      0      0      0      0      0      0      0      0      0
      0      0      0      0      0      0      0      0      0      0
      0      0      0      0      0      0      0      0      0      0
      0      0      0      0      0      0      0      0      0      0
      0      0      0      0      0   -431   -442   -454   -467   -474
      0      0      0   -634      0      0      0      0   -845      0
      0      0      0      0      0      0      0      0      0      0
      0      0      0      0      0      0      0      0      0      0
      0      0      0      0      0      0      0      0      0      0
      0      0      0      0      0      0      0      0      0      0
      0      0      0      0      0      0      0      0      0      0
      0      0      0      0      0      0      0      0      0      0
      0      0      0   -399   -408   -418   -426   -437   -447   -461
   -491   -549   -613   -660   -700      0   -800   -830   -837   -860
   -887      0      0      0      0      0      0      0      0      0
      0      0      0      0      0      0      0      0      0      0
      0      0      0      0      0      0      0      0      0      0
      0      0      0      0      0      0      0      0      0      0
      0      0      0      0      0      0      0      0      0      0
      0      0      0      0      0      0      0      0   -342   -349
   -357   -364   -373   -383   -393   -402   -411   -420   -431   -450
   -485   -555   -632      0      0      0   -822   -831      0      0
      0      0      0      0      0      0      0      0      0      0
      0      0      0      0      0      0      0      0      0      0
      0      0      0      0      0      0      0      0      0      0
      0      0      0      0      0      0      0      0      0      0
      0      0      0      0      0      0      0      0   -294   -295
      0      0      0   -303   -307      0   -314   -317   -324   -329
   -337   -341   -349   -360   -370   -382   -391   -402   -416   -440
      0      0      0      0      0      0      0   -771      0      0
      0      0      0      0      0      0      0      0      0      0
      0      0      0      0      0      0      0      0      0      0
      0      0      0      0      0      0      0      0      0      0
      0      0      0      0      0      0      0      0      0      0
      0      0      0      0      0      0      0      0      0      0
   -278   -271   -273   -282   -285   -290   -290   -291   -295   -300
   -305   -310   -317   -327   -339   -351   -362   -376      0      0
      0      0      0      0      0      0      0      0      0      0
      0      0      0      0      0      0      0      0      0      0
      0      0      0      0      0      0      0      0      0      0
      0      0      0      0      0      0      0      0      0      0
      0      0      0      0      0      0      0      0      0      0
      0      0      0      0      0      0      0      0   -263      0
   -253   -243   -245   -248   -253   -254   -259   -261   -263   -268
   -272   -276   -280   -291   -303   -315      0      0      0      0
      0      0      0      0      0      0      0      0      0      0
      0      0      0      0      0      0      0      0      0      0
      0      0      0      0      0      0      0      0      0      0
      0      0      0      0      0      0      0      0      0      0
      0      0      0      0      0      0      0      0      0      0
      0      0      0      0      0      0      0      0      0      0
   -232   -226   -224   -224   -225   -226   -230   -232   -235   -238
   -241   -245   -249   -257      0      0      0      0      0      0
      0      0      0      0      0      0      0      0      0      0
      0      0      0      0      0      0      0      0      0      0
      0      0      0      0      0      0      0      0      0      0
      0      0      0      0      0      0      0      0      0      0
      0      0      0      0      0      0      0      0      0      0
      0      0      0      0      0      0      0      0   -225   -221
   -216      0   -207   -205   -204   -203   -203   -205   -207   -210
   -213   -216      0      0      0      0      0      0      0      0
      0      0      0      0      0      0      0      0      0      0
      0      0      0      0      0      0      0      0      0      0
      0      0      0      0      0      0      0      0      0      0
      0      0      0      0      0      0      0      0      0      0
      0      0      0      0      0      0      0      0      0      0
      0      0      0      0   -205      0      0   -208   -206   -203
      0   -196   -193   -190   -186   -182   -179   -179   -179   -181
      0      0      0      0      0      0      0      0      0      0
      0      0      0      0      0      0      0      0      0      0
      0      0      0      0      0      0      0      0      0      0
      0      0      0      0      0      0      0      0      0      0
      0      0      0      0      0      0      0      0      0      0
      0   -172      0      0   -175      0      0   -181      0      0
      0      0   -188      0   -190   -191   -192   -191   -189   -187
   -184   -180   -177   -174   -169   -163   -156   -150      0   -152
      0      0      0      0      0      0      0      0      0      0
      0      0      0      0      0      0      0      0      0      0
      0      0      0      0      0      0      0      0      0      0
      0      0      0      0      0      0      0      0      0      0
      0      0      0      0      0      0      0      0      0      0
   -172      0      0      0   -174   -175      0      0      0      0
      0   -177   -177   -176   -177   -177   -177   -176   -173   -170
   -167   -163   -160   -156   -151   -145   -133      0   -123      0
      0      0      0      0      0      0      0      0      0      0
      0      0      0      0      0      0      0      0      0      0
      0      0      0      0      0      0      0      0      0      0
      0      0      0      0      0      0      0      0      0      0
      0      0      0      0      0      0      0      0      0      0
      0   -172      0      0   -173      0   -172   -171   -171   -170
   -169   -168   -167   -166   -165   -164   -163   -161   -158   -154
   -150   -147   -143   -138   -131   -123      0   -105      0      0
      0      0      0      0      0      0      0      0      0      0
      0      0      0      0      0      0      0      0      0      0
      0      0      0      0      0      0      0      0      0      0
      0      0      0      0      0      0      0      0      0      0
      0      0      0      0      0      0      0      0      0   -171
   -170   -171      0   -170   -169   -167   -165   -163   -162   -161
   -161   -160   -159   -158   -156   -153   -151   -148   -145   -141
   -135   -132   -127   -120   -111   -102    -96    -90      0      0
      0      0      0      0      0      0      0      0      0      0
      0      0      0      0      0      0      0      0      0      0
      0      0      0      0      0      0      0      0      0      0
      0      0      0      0      0      0      0      0      0      0
      0      0      0      0      0      0      0      0   -172   -171
   -170   -169   -168   -167   -164   -161   -159   -156   -153   -153
   -153   -151   -150   -148   -145   -142   -139   -136   -134   -131
   -125   -122   -115   -105    -96    -87    -83      0      0      0
      0      0      0      0      0      0      0      0      0      0
      0      0      0      0      0      0      0      0      0      0
      0      0      0      0      0      0      0      0      0      0
      0      0      0      0      0      0      0      0      0      0
      0      0      0      0      0      0      0      0   -170   -170
   -168   -166   -164   -162   -159   -156   -153   -150   -148   -146
   -144   -142   -139   -137   -134   -130   -126   -123   -123   -127
   -127   -118   -104    -92    -86    -82    -76    -65      0      0
      0      0      0      0      0      0      0      0      0      0
      0      0      0      0      0      0      0      0      0      0
      0      0      0      0      0      0      0      0      0      0
      0      0      0      0      0      0      0      0      0      0
      0      0      0      0      0   -171   -170   -169   -168   -166
   -164   -162   -160   -157   -154   -151   -148   -145   -143   -139
   -135   -132   -129   -125   -122   -119   -115   -111   -111   -121
   -129   -113    -94    -81    -80    -81    -71    -54      0      0
      0      0      0      0      0      0      0      0      0      0
      0      0      0      0      0      0      0      0      0      0
      0      0      0      0      0      0      0      0      0      0
      0      0      0      0      0      0      0      0   -182      0
      0      0   -176   -174   -172   -169   -167   -166   -165   -163
   -161   -158   -155   -152   -149   -146   -142   -139   -136   -132
   -128   -124   -120   -116   -112   -108   -104   -101   -101   -105
   -107    -97    -85    -77    -75    -73    -62    -42      0     20
      0      0      0      0      0      0      0      0      0      0
      0      0      0      0      0      0      0      0      0      0
      0      0      0      0      0      0      0      0      0      0
      0      0      0      0      0      0      0   -182   -181   -179
   -177   -176   -175   -173   -170   -167   -165   -164   -162   -160
   -157   -154   -151   -147   -144   -141   -137   -132   -128   -124
   -120   -117   -113   -109   -104    -99    -96    -93    -90    -87
    -83    -79    -73    -70    -70    -66    -49    -22     11     44
     73      0      0      0      0      0      0      0      0      0
      0      0      0      0      0      0      0      0      0      0
      0      0      0      0      0      0      0      0      0      0
      0      0      0      0      0      0      0   -181   -180   -178
   -176   -175   -174   -172   -168   -165   -163   -161   -160   -157
   -154   -151   -147   -143   -140   -137   -132   -126   -121   -117
   -114   -111   -107   -103    -97    -92    -89    -85    -80    -73
    -65    -65    -64    -60    -62    -58    -33     -1     29     60
     91      0      0      0      0      0      0      0      0      0
      0      0      0      0      0      0      0      0      0      0
      0      0      0      0      0      0      0      0      0      0
      0      0      0      0      0      0   -182   -181   -179   -178
   -176   -174   -172   -169   -166   -163   -161   -159   -157   -154
   -151   -148   -144   -141   -136   -132   -126   -121   -116   -113
   -110   -106   -102    -97    -93    -88    -84    -79    -73    -67
    -62    -60    -60    -58    -51    -37    -15     12     38     63
     86    104    119      0      0      0      0      0      0      0
      0      0      0      0      0      0      0      0      0      0
      0      0      0      0      0      0      0      0      0      0
      0      0      0      0      0   -184   -182   -180   -179   -178
   -177   -174   -171   -167   -164   -161   -159   -157   -155   -152
   -148   -145   -142   -138   -133   -127   -121   -116   -112   -109
   -107   -102    -97    -92    -88    -84    -78    -73    -69    -64
    -62    -59    -58    -54    -39    -19      0     21     41     59
     75     96    115      0      0      0      0      0      0      0
      0      0      0      0      0      0      0      0      0      0
      0      0      0      0      0      0      0      0      0      0
      0      0      0      0   -186   -184   -182   -180   -179   -177
   -175   -173   -170   -167   -163   -160   -157   -155   -152   -149
   -145   -142   -138   -134   -129   -123   -117   -112   -108   -104
   -100    -96    -91    -86    -82    -77    -71    -66    -62    -60
    -58    -56    -52    -44    -28     -9     10     27     42     56
      0      0      0      0      0      0      0      0      0      0
      0      0      0      0      0      0      0      0      0      0
      0      0      0      0      0      0      0      0      0      0
      0      0      0      0   -186   -185   -183   -181   -179   -176
   -174   -171   -169   -166   -163   -160   -156   -152   -149   -146
   -142   -138   -134   -129   -124   -119   -113   -108   -103    -98
    -94    -90    -86    -81    -75    -69    -63    -58    -55    -54
    -53    -51    -45    -34    -20     -3     14     30      0      0
      0      0      0      0      0      0      0      0      0      0
      0      0      0      0      0      0      0      0      0      0
      0      0      0      0      0      0      0      0      0      0
      0      0      0   -188   -187   -185   -183   -181   -179   -176
   -172   -170   -168   -166   -162   -158   -154   -150   -146   -143
   -139   -134   -129   -124   -120   -115   -109   -103    -98    -92
    -87    -84    -80    -76    -69    -61    -56    -51    -48    -48
    -48    -45    -38    -28    -15      0      0      0      0      0
      0      0      0      0      0      0      0      0      0      0
      0      0      0      0      0      0      0      0      0      0
      0      0      0      0      0      0      0      0      0      0
      0      0   -191   -188   -186   -184   -182   -181   -178   -175
   -172   -169   -167   -164   -160   -156   -151   -147   -143   -139
   -135   -131   -125   -120   -115   -110   -105    -98    -92    -87
    -82    -78    -74    -69    -62    -56    -51    -48    -46    -46
    -44    -40    -33      0      0      0      0      0      0      0
      0      0      0      0      0      0      0      0      0      0
      0      0      0      0      0      0      0      0      0      0
      0      0      0      0      0      0      0      0      0      0
      0   -195   -192   -189   -186   -183   -182   -181   -178   -175
   -172   -168   -165   -161   -157   -152   -148   -144   -140   -136
   -132   -127   -122   -116   -111   -106   -100    -93    -87    -82
    -78    -73    -69    -63    -57    -51    -47    -46    -45    -44
      0      0      0      0      0      0      0      0      0      0
      0      0      0      0      0      0      0      0      0      0
      0      0      0      0      0      0      0      0      0      0
      0      0      0      0      0      0      0      0      0      0
      0   -196   -193   -191   -188   -186   -184   -182   -179   -175
   -172   -168   -164   -160   -155   -150   -145   -140   -135   -131
   -127   -123   -118   -113   -107   -101    -95    -89    -84    -78
    -74    -69    -63    -58    -52    -47    -44      0      0      0
      0      0      0      0      0      0      0      0      0      0
      0      0      0      0      0      0      0      0      0      0
      0      0      0      0      0      0      0      0      0      0
      0      0      0      0      0      0      0      0      0      0
      0      0   -196   -193   -191   -190   -187   -184   -180   -176
   -171   -167   -163   -158   -153   -147   -141   -136   -131   -127
   -123   -119   -115   -109   -103    -97    -91    -86    -81    -75
    -70    -65    -59    -53    -48      0      0      0      0      0
      0      0      0      0      0      0      0      0      0      0
      0      0      0      0      0      0      0      0      0      0
      0      0      0      0      0      0      0      0      0      0
      0      0      0      0      0      0      0      0      0      0
      0      0      0   -196   -195   -193   -190   -187   -182   -177
   -171   -166   -161   -156   -150   -144   -138   -132   -126   -123
   -120   -116   -111   -106   -100    -93    -87    -82    -78    -73
    -67    -62      0      0      0      0      0      0      0      0
      0      0      0      0      0      0      0      0      0      0
      0      0      0      0      0      0      0      0      0      0
      0      0      0      0      0      0      0      0      0      0
      0      0      0      0      0      0      0      0      0      0
      0   -203   -201   -199   -197   -196   -193   -189   -185   -179
   -172   -164   -158   -151   -146   -141   -135   -129   -124   -120
   -116   -112   -108   -102    -96    -90    -84    -79    -74    -70
      0      0      0      0      0      0      0      0      0      0
      0      0      0      0      0      0      0      0      0      0
      0      0      0      0      0      0      0      0      0      0
      0      0      0      0      0      0      0      0      0      0
      0      0      0      0      0      0      0      0      0      0
   -206   -205   -203   -201   -200   -198   -196   -192   -187   -179
   -171   -162   -154   -147   -142   -138   -132   -127   -122   -117
   -112   -108   -104    -99    -93    -88    -82      0      0      0
      0      0      0      0      0      0      0      0      0      0
      0      0      0      0      0      0      0      0      0      0
      0      0      0      0      0      0      0      0      0      0
      0      0      0      0      0      0      0      0      0      0
      0      0      0      0      0      0      0      0      0      0
      0   -206   -205   -203   -202   -201   -199   -195   -188   -178
   -168   -159   -150   -144   -139   -135   -130   -125   -120   -115
   -110   -106   -101    -96    -91      0      0      0      0      0
      0      0      0      0      0      0      0      0      0      0
      0      0      0      0      0      0      0      0      0      0
      0      0      0      0      0      0      0      0      0      0
      0      0      0      0      0      0      0      0      0      0
      0      0      0      0      0      0      0      0      0      0
      0      0   -206   -205   -205   -204   -202   -197   -188   -176
   -164   -154   -147   -141   -137   -133   -129   -123   -118   -113
   -109   -104      0      0      0      0      0      0      0      0
      0      0      0      0      0      0      0      0      0      0
      0      0      0      0      0      0      0      0      0      0
      0      0      0      0      0      0      0      0      0      0
      0      0      0      0      0      0      0      0      0      0
      0      0      0      0      0      0      0      0      0      0
      0      0      0   -207   -206   -206   -204   -199   -188   -174
   -160   -151   -144   -138   -135   -132   -127   -121   -116      0
      0      0      0      0      0      0      0      0      0      0
      0      0      0      0      0      0      0      0      0      0
      0      0      0      0      0      0      0      0      0      0
      0      0      0      0      0      0      0      0      0      0
      0      0      0      0      0      0      0      0      0      0
      0      0      0      0      0      0      0      0      0      0
      0      0   -211   -209   -208   -206   -203   -196   -186   -172
   -160   -149   -142   -136   -132   -129   -124      0      0      0
      0      0      0      0      0      0      0      0      0      0
      0      0      0      0      0      0      0      0      0      0
      0      0      0      0      0      0      0      0      0      0
      0      0      0      0      0      0      0      0      0      0
      0      0      0      0      0      0      0      0      0      0
      0      0      0      0      0      0      0      0      0      0
      0      0      0      0   -210   -206   -201   -193   -183      0
   -159   -149   -141   -134      0      0      0      0      0      0
      0      0      0      0      0      0      0      0      0      0
      0      0      0      0      0      0      0      0      0      0
      0      0      0      0      0      0      0      0      0      0
      0      0      0      0      0      0      0      0      0      0
      0      0      0      0      0      0      0      0      0      0
      0      0      0      0      0      0      0      0      0      0
      0      0      0      0      0      0      0      0      0      0
      0      0      0      0      0      0      0      0      0      0
      0      0      0      0      0      0      0      0      0      0
      0      0      0      0      0      0      0      0      0      0
      0      0      0      0      0      0      0      0      0      0
      0      0      0      0      0      0      0      0      0      0
      0      0      0    437      0      0      0      0      0      0
      0      0      0      0      0      0      0      0      0      0
      0      0      0      0      0      0      0      0      0      0
      0      0      0      0      0      0      0      0      0      0
      0      0      0      0      0      0      0      0      0      0
      0      0      0      0      0      0      0      0      0      0
      0      0      0      0      0      0      0      0      0      0
      0      0      0      0      0      0      0      0      0      0
      0      0      0      0      0    437      0      0      0      0
      0      0      0      0      0      0      0      0      0      0
      0      0      0      0      0      0      0      0      0      0
      0      0      0      0      0      0      0      0      0      0
      0      0      0      0      0      0      0      0      0      0
      0      0      0      0      0      0      0      0      0      0
      0      0      0      0      0      0      0      0      0      0
      0      0      0      0      0      0      0      0      0      0
      0      0      0    421    417      0      0      0      0      0
      0      0      0      0      0      0      0      0      0      0
      0      0      0      0      0      0      0      0      0      0
      0      0      0      0      0      0      0      0      0      0
      0      0      0      0      0      0      0      0      0      0
      0      0      0      0      0      0      0      0      0      0
      0      0      0      0      0      0      0      0      0      0
      0      0      0      0      0      0      0      0      0      0
    391    401    406    404      0      0      0      0      0      0
      0      0      0      0      0      0      0      0      0      0
      0      0      0      0      0      0      0      0      0      0
      0      0      0      0      0      0      0      0      0      0
      0      0      0      0      0      0      0      0      0      0
      0      0      0      0      0      0      0      0      0      0
      0      0      0      0      0      0      0      0      0      0
      0      0      0      0      0      0      0      0    386    396
    401      0      0      0      0      0      0      0      0      0
      0      0      0      0      0      0      0      0      0      0
      0      0      0      0      0      0      0      0      0      0
      0      0      0      0      0      0      0      0      0      0
      0      0      0      0      0      0      0      0      0      0
      0      0      0      0      0      0      0      0      0      0
      0      0      0      0      0      0      0      0      0      0
      0      0      0      0      0    374    382    390    400    419
      0      0      0    349      0      0      0      0    251      0
      0      0      0      0      0      0      0      0      0      0
      0      0      0      0      0      0      0      0      0      0
      0      0      0      0      0      0      0      0      0      0
      0      0      0      0      0      0      0      0      0      0
      0      0      0      0      0      0      0      0      0      0
      0      0      0      0      0      0      0      0      0      0
      0      0      0    368    375    383    393    408    425    442
    438    396    344    311    297      0    264    241    215    240
    258      0      0      0      0      0      0      0      0      0
      0      0      0      0      0      0      0      0      0      0
      0      0      0      0      0      0      0      0      0      0
      0      0      0      0      0      0      0      0      0      0
      0      0      0      0      0      0      0      0      0      0
      0      0      0      0      0      0      0      0    322    329
    339    351    363    374    384    394    407    423    441    455
    449    382    308      0      0      0    237    238      0      0
      0      0      0      0      0      0      0      0      0      0
      0      0      0      0      0      0      0      0      0      0
      0      0      0      0      0      0      0      0      0      0
      0      0      0      0      0      0      0      0      0      0
      0      0      0      0      0      0      0      0    304    300
      0      0      0    300    303      0    317    325    332    340
    349    363    376    386    398    407    421    433    443    442
      0      0      0      0      0      0      0    216      0      0
      0      0      0      0      0      0      0      0      0      0
      0      0      0      0      0      0      0      0      0      0
      0      0      0      0      0      0      0      0      0      0
      0      0      0      0      0      0      0      0      0      0
      0      0      0      0      0      0      0      0      0      0
    301    306    307    307    312    318    330    340    349    358
    369    382    396    407    418    428    434    437      0      0
      0      0      0      0      0      0      0      0      0      0
      0      0      0      0      0      0      0      0      0      0
      0      0      0      0      0      0      0      0      0      0
      0      0      0      0      0      0      0      0      0      0
      0      0      0      0      0      0      0      0      0      0
      0      0      0      0      0      0      0      0    303      0
    310    319    318    319    326    338    345    354    367    377
    389    402    417    426    436    444      0      0      0      0
      0      0      0      0      0      0      0      0      0      0
      0      0      0      0      0      0      0      0      0      0
      0      0      0      0      0      0      0      0      0      0
      0      0      0      0      0      0      0      0      0      0
      0      0      0      0      0      0      0      0      0      0
      0      0      0      0      0      0      0      0      0      0
    316    323    326    330    337    346    354    364    377    391
    404    418    429    438      0      0      0      0      0      0
      0      0      0      0      0      0      0      0      0      0
      0      0      0      0      0      0      0      0      0      0
      0      0      0      0      0      0      0      0      0      0
      0      0      0      0      0      0      0      0      0      0
      0      0      0      0      0      0      0      0      0      0
      0      0      0      0      0      0      0      0    307    312
    318      0    332    338    344    350    358    369    383    399
    414    426      0      0      0      0      0      0      0      0
      0      0      0      0      0      0      0      0      0      0
      0      0      0      0      0      0      0      0      0      0
      0      0      0      0      0      0      0      0      0      0
      0      0      0      0      0      0      0      0      0      0
      0      0      0      0      0      0      0      0      0      0
      0      0      0      0    306      0      0    307    311    316
      0    329    337    343    348    353    360    369    385    402
      0      0      0      0      0      0      0      0      0      0
      0      0      0      0      0      0      0      0      0      0
      0      0      0      0      0      0      0      0      0      0
      0      0      0      0      0      0      0      0      0      0
      0      0      0      0      0      0      0      0      0      0
      0    252      0      0    267      0      0    280      0      0
      0      0    301      0    309    310    311    314    318    322
    327    333    340    346    351    356    362    371      0    398
      0      0      0      0      0      0      0      0      0      0
      0      0      0      0      0      0      0      0      0      0
      0      0      0      0      0      0      0      0      0      0
      0      0      0      0      0      0      0      0      0      0
      0      0      0      0      0      0      0      0      0      0
    246      0      0      0    265    271      0      0      0      0
      0    293    299    305    310    314    315    319    324    328
    333    337    343    348    354    359    364      0    380      0
      0      0      0      0      0      0      0      0      0      0
      0      0      0      0      0      0      0      0      0      0
      0      0      0      0      0      0      0      0      0      0
      0      0      0      0      0      0      0      0      0      0
      0      0      0      0      0      0      0      0      0      0
      0    248      0      0    262      0    272    275    278    281
    284    288    294    300    306    310    314    318    323    328
    333    338    344    349    355    360      0    369      0      0
      0      0      0      0      0      0      0      0      0      0
      0      0      0      0      0      0      0      0      0      0
      0      0      0      0      0      0      0      0      0      0
      0      0      0      0      0      0      0      0      0      0
      0      0      0      0      0      0      0      0      0    241
    245    246      0    252    257    263    268    271    275    278
    281    284    288    293    298    303    308    313    318    324
    330    337    343    349    355    359    363    366      0      0
      0      0      0      0      0      0      0      0      0      0
      0      0      0      0      0      0      0      0      0      0
      0      0      0      0      0      0      0      0      0      0
      0      0      0      0      0      0      0      0      0      0
      0      0      0      0      0      0      0      0    235    238
    241    243    245    247    252    257    263    267    271    274
    277    279    281    285    290    294    299    303    309    316
    325    334    341    347    353    358    361      0      0      0
      0      0      0      0      0      0      0      0      0      0
      0      0      0      0      0      0      0      0      0      0
      0      0      0      0      0      0      0      0      0      0
      0      0      0      0      0      0      0      0      0      0
      0      0      0      0      0      0      0      0    232    234
    236    239    242    245    249    253    258    262    266    268
    270    272    274    277    281    285    289    292    298    308
    319    328    337    345    350    354    358    360      0      0
      0      0      0      0      0      0      0      0      0      0
      0      0      0      0      0      0      0      0      0      0
      0      0      0      0      0      0      0      0      0      0
      0      0      0      0      0      0      0      0      0      0
      0      0      0      0      0    224    226    228    229    231
    233    236    240    244    246    249    253    257    260    262
    263    265    267    269    273    276    279    281    286    298
    310    319    328    337    340    344    351    356      0      0
      0      0      0      0      0      0      0      0      0      0
      0      0      0      0      0      0      0      0      0      0
      0      0      0      0      0      0      0      0      0      0
      0      0      0      0      0      0      0      0    208      0
      0      0    215    217    220    222    224    226    227    229
    231    234    237    240    243    245    248    252    254    256
    257    258    260    262    265    267    269    272    277    286
    296    303    310    315    318    324    335    345      0    322
      0      0      0      0      0      0      0      0      0      0
      0      0      0      0      0      0      0      0      0      0
      0      0      0      0      0      0      0      0      0      0
      0      0      0      0      0      0      0    206    208    209
    211    212    213    215    218    220    222    223    225    227
    230    232    234    236    239    241    244    247    249    250
    251    252    254    256    258    260    261    263    267    274
    281    288    290    290    292    297    307    314    311    301
    285      0      0      0      0      0      0      0      0      0
      0      0      0      0      0      0      0      0      0      0
      0      0      0      0      0      0      0      0      0      0
      0      0      0      0      0      0      0    205    207    208
    209    210    211    213    216    218    219    220    222    224
    228    229    231    232    234    236    239    241    244    245
    245    247    249    250    252    254    254    255    258    265
    271    277    276    269    269    268    277    281    282    275
    264      0      0      0      0      0      0      0      0      0
      0      0      0      0      0      0      0      0      0      0
      0      0      0      0      0      0      0      0      0      0
      0      0      0      0      0      0    201    202    204    205
    206    208    209    211    214    216    217    218    219    221
    223    225    227    228    230    231    233    236    238    239
    241    243    244    246    247    247    247    248    252    261
    269    272    270    265    260    255    255    256    254    249
    239    226    210      0      0      0      0      0      0      0
      0      0      0      0      0      0      0      0      0      0
      0      0      0      0      0      0      0      0      0      0
      0      0      0      0      0    197    198    199    200    202
    203    205    206    208    211    213    214    214    215    217
    219    221    223    224    225    227    228    230    232    234
    237    238    239    241    241    241    240    240    245    255
    267    265    263    263    253    245    240    237    233    226
    216    210    200      0      0      0      0      0      0      0
      0      0      0      0      0      0      0      0      0      0
      0      0      0      0      0      0      0      0      0      0
      0      0      0      0    195    195    195    196    197    199
    201    202    204    205    207    209    210    211    211    212
    214    216    218    220    222    223    224    226    227    229
    231    232    233    233    233    232    232    233    236    242
    248    249    248    246    240    234    228    224    219    214
      0      0      0      0      0      0      0      0      0      0
      0      0      0      0      0      0      0      0      0      0
      0      0      0      0      0      0      0      0      0      0
      0      0      0      0    193    193    193    194    195    197
    199    200    201    202    203    205    206    207    207    208
    209    211    213    215    217    219    220    221    222    223
    224    224    224    224    224    224    224    224    225    226
    227    229    229    226    224    221    217    214      0      0
      0      0      0      0      0      0      0      0      0      0
      0      0      0      0      0      0      0      0      0      0
      0      0      0      0      0      0      0      0      0      0
      0      0      0    188    190    191    191    192    193    195
    197    198    198    198    200    201    202    203    203    203
    204    206    208    210    212    214    214    215    216    217
    217    216    216    215    215    216    216    215    213    211
    208    211    211    208    210      0      0      0      0      0
      0      0      0      0      0      0      0      0      0      0
      0      0      0      0      0      0      0      0      0      0
      0      0      0      0      0      0      0      0      0      0
      0      0    182    184    186    187    188    189    190    192
    194    195    196    197    197    198    198    198    199    199
    199    201    202    204    205    206    207    208    209    209
    209    208    207    206    207    208    208    207    205    202
    201    200    200      0      0      0      0      0      0      0
      0      0      0      0      0      0      0      0      0      0
      0      0      0      0      0      0      0      0      0      0
      0      0      0      0      0      0      0      0      0      0
      0    176    178    179    182    183    185    186    187    189
    191    192    193    194    194    194    194    194    194    194
    194    195    196    197    198    197    199    200    201    201
    201    200    199    198    200    201    200    198    197    196
      0      0      0      0      0      0      0      0      0      0
      0      0      0      0      0      0      0      0      0      0
      0      0      0      0      0      0      0      0      0      0
      0      0      0      0      0      0      0      0      0      0
      0    171    173    175    178    180    181    183    184    185
    186    187    188    188    189    188    188    188    188    188
    189    189    190    191    191    191    192    192    193    193
    193    193    193    193    193    193    192      0      0      0
      0      0      0      0      0      0      0      0      0      0
      0      0      0      0      0      0      0      0      0      0
      0      0      0      0      0      0      0      0      0      0
      0      0      0      0      0      0      0      0      0      0
      0      0    169    171    174    176    177    179    180    180
    180    181    181    181    182    182    182    182    182    183
    183    184    184    185    186    186    186    185    185    186
    187    188    188    188    187      0      0      0      0      0
      0      0      0      0      0      0      0      0      0      0
      0      0      0      0      0      0      0      0      0      0
      0      0      0      0      0      0      0      0      0      0
      0      0      0      0      0      0      0      0      0      0
      0      0      0    167    169    171    173    175    176    176
    175    174    174    174    174    175    176    176    176    177
    177    178    179    180    181    182    181    179    178    180
    182    183      0      0      0      0      0      0      0      0
      0      0      0      0      0      0      0      0      0      0
      0      0      0      0      0      0      0      0      0      0
      0      0      0      0      0      0      0      0      0      0
      0      0      0      0      0      0      0      0      0      0
      0    160    162    163    165    166    168    170    171    171
    170    169    167    167    168    169    170    170    171    171
    171    172    173    174    175    176    175    175    175    176
      0      0      0      0      0      0      0      0      0      0
      0      0      0      0      0      0      0      0      0      0
      0      0      0      0      0      0      0      0      0      0
      0      0      0      0      0      0      0      0      0      0
      0      0      0      0      0      0      0      0      0      0
    155    156    158    159    160    161    162    164    166    165
    165    163    161    160    161    163    164    165    165    165
    166    167    168    169    170    170    170      0      0      0
      0      0      0      0      0      0      0      0      0      0
      0      0      0      0      0      0      0      0      0      0
      0      0      0      0      0      0      0      0      0      0
      0      0      0      0      0      0      0      0      0      0
      0      0      0      0      0      0      0      0      0      0
      0    153    154    155    155    156    157    157    158    157
    156    155    155    155    156    157    158    159    160    161
    161    162    163    164    165      0      0      0      0      0
      0      0      0      0      0      0      0      0      0      0
      0      0      0      0      0      0      0      0      0      0
      0      0      0      0      0      0      0      0      0      0
      0      0      0      0      0      0      0      0      0      0
      0      0      0      0      0      0      0      0      0      0
      0      0    151    151    151    151    151    151    149    148
    146    147    148    149    150    151    152    154    155    156
    157    158      0      0      0      0      0      0      0      0
      0      0      0      0      0      0      0      0      0      0
      0      0      0      0      0      0      0      0      0      0
      0      0      0      0      0      0      0      0      0      0
      0      0      0      0      0      0      0      0      0      0
      0      0      0      0      0      0      0      0      0      0
      0      0      0    148    149    149    147    145    142    139
    136    138    141    144    144    145    147    148    150      0
      0      0      0      0      0      0      0      0      0      0
      0      0      0      0      0      0      0      0      0      0
      0      0      0      0      0      0      0      0      0      0
      0      0      0      0      0      0      0      0      0      0
      0      0      0      0      0      0      0      0      0      0
      0      0      0      0      0      0      0      0      0      0
      0      0    148    148    149    148    145    140    136    131
    129    130    133    136    138    139    141      0      0      0
      0      0      0      0      0      0      0      0      0      0
      0      0      0      0      0      0      0      0      0      0
      0      0      0      0      0      0      0      0      0      0
      0      0      0      0      0      0      0      0      0      0
      0      0      0      0      0      0      0      0      0      0
      0      0      0      0      0      0      0      0      0      0
      0      0      0      0    150    149    144    137    130      0
    123    123    125    128      0      0      0      0      0      0
      0      0      0      0      0      0      0      0      0      0
      0      0      0      0      0      0      0      0      0      0
      0      0      0      0      0      0      0      0      0      0
      0      0      0      0      0      0      0      0      0      0
      0      0      0      0      0      0      0      0      0      0
      0      0      0      0      0      0      0      0      0      0
