S2  
  2  2 -2  0  0  0
      38     205
      37     405
    -121    -755
    -122    -555
      80      80
San Francisco Bay                                 
      0      0      0      0      0      0      0      0      0      0
      0      0      0      0      0      0      0      0      0      0
      0      0      0      0      0      0      0      0      0      0
      0      0      0      0      0      0      0      0      0      0
      0      0      0      0      0      0      0      0      0      0
      0      0      0      0      0      0      0      0      0      0
      0      0      0      0      0      0      0      0      0      0
      0      0      0      0      0      0      0      0      0      0
      0      0      0      0      0      0      0      0      0      0
      0      0      0      0      0      0      0      0      0      0
      0      0      0      0      0      0      0      0      0      0
      0      0      0      0      0      0      0      0      0      0
      0      0      0      0      0      0      0      0      0      0
      0      0      0      0      0      0      0      0      0      0
      0      0      0      0      0      0      0      0      0      0
      0      0      0      0      0      0      0      0      0      0
      0      0      0      0      0      0      0      0      0      0
      0      0      0      0      0      0      0      0      0      0
      0      0      0      0     15      9      4      0      0      0
      0      0      0      0      0      0      0      0      0      0
      0      0      0      0      0      0      0      0      0      0
      0      0      0      0      0      0      0      0      0      0
      0      0      0      0      0      0      0      0      0      0
      0      0      0      0      0      0      0      0      0      0
      0      0      0      0      0      0      0      0      0      0
      0      0      0      0      0      0      0      0      0      0
      0      0      0      0      0      0      4      0      0      0
      0      0      0      0      0      0      0      0      0      0
      0      0      0      0      0      0      0      0      0      0
      0      0      0      0      0      0      0      0      0      0
      0      0      0      0      0      0      0      0      0      0
      0      0      0      0      0      0      0      0      0      0
      0      0      0      0      0      0      0      0      0      0
      0      0      0      0      0      0      0      0      0      0
      0      0      0      0      0      0      4      0      0      0
      0      0      0      0      0      0      0      0      0      0
      0      0      0      0      0      0      0      0      0      0
      0      0      0      0      0      0      0      0      0      0
      0      0      0      0      0      0      0      0      0      0
      0      0      0      0      0      0      0      0      0      0
      0      0      0      0      0      0      0      0      0      0
      0      0      0      0      0     19      0      0      0      0
      0      0      0      0      0      0      5      1      0      0
      0      0      0      0      0      0      0      0      0      0
      0      0      0      0      0      0      0      0      0      0
      0      0      0      0      0      0      0      0      0      0
      0      0      0      0      0      0      0      0      0      0
      0      0      0      0      0      0      0      0      0      0
      0      0      0      0      0      0      0      0      0      0
      0      0      0      0      0     16     15     15     15      0
      0      0      0      0      0      0      0      1     -2      0
      0      0      0      0      0      0      0      0      0      0
      0      0      0      0      0      0      0      0      0      0
      0      0      0      0     42     37      0      0      0      0
      0      0      0      0      0      0      0      0      0      0
      0      0      0      0      0      0      0      0      0      0
      0      0      0      0      0      0      0      0      0      0
      0      0      0     13     13     12     12     11     11     12
     12     12      0      0      0      0      0      1      0      0
      0      0      0      0      0      0      0      0      0      0
      0      0      0      0      0      0      0      0      0      0
     68     61     53     46     40     35     32      0      0      0
      0      0      0      0      0      0      0      0      0      0
      0      0      0      0      0      0      0      0      0      0
      0      0      0      0      0      0      0      0      0      0
      0      0     11     10      9      8      8      8      8      8
      9      9      9      9      0      0      0      1      0      0
      0      0      0      0      0      0      0      0      0      0
      0      0      0      0      0      0      0      0     77     73
     66     58     51     43     37     33     30     28      0      0
      0      0      0      0      0      0      0      0      0      0
      0      0      0      0      0      0      0      0      0      0
      0      0      0      0      0      0      9     10     10     10
     10      9      8      6      5      4      4      4      4      4
      5      6      6      6      6      0      0      0      0      0
      0      0      0      0      0      0      0      0      0      0
      0      0      0      0      0      0      0      0      0     69
     63     56     48     41     35     30      0      0      0      0
      0      0      0      0      0      0      0      0      0      0
      0      0      0      0      0      0      0      0      0      0
      0      0      0      0      0      0      8      9      9      8
      7      6      4      2      1      0     -1     -1      0      0
      1      2      3      4      4      3      0      0      0      0
      0      0      0      0      0      0      0      0      0      0
      0      0      0      0      0      0      0      0     69     65
     60     53     46     38     32      0      0      0      0      0
      0      0      0      0      0      0      0      0      0      0
      0      0      0      0      0      0      0      0      0      0
      0      0      0      0      0      0      0      7      7      5
      4      2      0     -2     -4     -5     -5     -5     -5     -4
     -3     -1      0      1      1      1      0      0      0      0
      0      0      0      0      0      0      0      0      0      0
      0      0      0      0      0      0      0     66     65     62
     58     51      0     37     30      0      0      0      0      0
      0      0      0      0      0      0      0      0      0      0
      0      0      0      0      0      0      0      0      0      0
      0      0      0      0      0      0      0      5      4      2
      0     -2     -5     -7     -8    -10    -10    -10     -9     -8
     -7     -5     -4     -3     -2     -1     -1     -2      0      0
     -3      0      0      0      0      0      0      0      0      0
      0      0      0      0      0      0     61     62     62     60
     56     50     44      0      0      0     23     25      0      0
      0      0     46     51     55      0      0      0      0      0
      0      0      0      0      0      0      0      0      0      0
      0      0      0      0      0      0      0      2      0     -2
     -4     -7    -10    -12    -14    -15    -15    -15    -14    -13
    -11     -9     -8     -6     -5     -4     -3     -3     -3      0
     -4     -3      0      0      0      0      0      0      0      0
      0      0      0      0     50     55     58     60     60     58
     55      0      0     37     31     27     26     28     31     35
     39     44     48     52      0      0      0      0      0     70
     72     73     73     73      0      0      0      0      0      0
      0      0      0      0      0      0      0     -1     -4     -7
    -10    -13    -16    -18    -19    -20    -20    -20    -18    -17
    -15    -13    -12    -10     -8     -7     -6     -5     -4     -4
     -4     -3     -3     -2      0      2      5      9      0      0
      0      0      0     40     46     52     56     57     58     56
     54     50     45     39     34     31     30     31     34     38
     42     46     50     54      0      0      0      0     66     68
     70     71     71     71     70     70     70      0      0      0
      0      0      0      0      0      0     -3     -5     -9    -12
    -16    -19    -22    -24    -26    -26    -25    -24    -23    -21
    -19    -18    -16    -14    -12    -10     -9     -7     -6      0
      0      0      0      0      0      0      0      8     11      0
      0      0      0     37     45     50     54     55      0      0
      0      0      0      0      0      0      0     35     37     40
      0     48     52     56     58     59     61     62     64     66
     67     68     69     69     69     68     68      0      0      0
      0      0      0      0      0      0     -7    -10    -14    -19
    -23    -27    -29    -31    -32    -31    -30    -29    -27    -25
    -23    -22    -20    -19    -17    -15    -12    -10     -8      0
      0      0      0      0      0      0      0      0     10     14
     18     22     27     37     45      0      0      0      0      0
      0      0      0      0      0      0      0      0      0      0
      0      0      0      0      0     59      0     60     62     64
     65     66     66     67     67     67     67      0      0      0
      0      0      0      0      0      0    -11    -16    -21    -26
    -31    -35    -37    -38    -38    -37    -35    -33    -31    -29
    -27    -26    -25    -23    -21    -19    -17    -14      0      0
      0      0      0      0      0      0      0      0     10     14
     18     24     31      0      0      0      0      0      0      0
      0      0      0      0      0      0      0      0      0      0
      0      0      0      0      0      0      0      0      0      0
     63     64     64     65     65     65     65     65     66      0
      0      0      0      0      0      0    -16    -22    -28    -34
    -39    -43    -45    -45    -44    -43    -40    -37    -35    -32
    -31    -30    -30    -28    -27    -24      0      0      0      0
      0      0      0      0      0      0      0      0      0      0
      0      0      0      0      0      0      0      0      0      0
      0      0      0      0      0      0      0      0      0      0
      0      0      0      0      0      0      0      0      0      0
      0      0      0      0     63     64     64     64     65      0
      0      0      0      0      0      0      0    -30    -37    -43
    -48    -50    -52    -51    -50    -48    -45    -42    -39    -37
    -36    -35    -35    -34      0      0      0      0      0      0
      0      0      0      0      0      0      0      0      0      0
      0      0      0      0      0      0      0      0      0      0
      0      0      0      0      0      0      0      0      0      0
      0      0      0      0      0      0      0      0      0      0
      0      0      0      0      0      0      0      0      0      0
      0      0      0      0      0      0      0      0      0      0
    -55    -57    -58    -57    -55    -53    -51    -48    -45      0
      0      0      0      0      0      0      0      0      0      0
      0      0      0      0      0      0      0      0      0      0
      0      0      0      0      0      0      0      0      0      0
      0      0      0      0      0      0      0      0      0      0
      0      0      0      0      0      0      0      0      0      0
      0      0      0      0      0      0      0      0      0      0
      0      0      0      0      0      0      0      0      0      0
      0    -62    -62    -62    -60    -58    -56    -53    -51    -49
      0      0      0      0      0      0      0      0      0      0
      0      0      0      0      0      0      0      0      0      0
      0      0      0      0      0      0      0      0      0      0
      0      0      0      0      0      0      0      0      0      0
      0      0      0      0      0      0      0      0      0      0
      0      0      0      0      0      0      0      0      0      0
      0      0      0      0      0      0      0      0    -57    -60
    -63    -65    -65    -65    -64    -63    -61    -60    -58      0
      0      0      0      0      0      0      0      0      0      0
      0      0      0      0      0      0      0      0      0      0
      0      0      0      0      0      0      0      0      0      0
      0      0      0      0      0      0      0      0      0      0
      0      0      0      0      0      0      0      0      0      0
      0      0      0      0      0      0      0      0      0      0
      0      0      0      0      0      0    -66    -62    -61    -61
    -63    -65    -67    -68    -68    -68    -67      0      0      0
      0      0      0      0      0      0      0      0      0      0
      0      0      0      0      0      0      0      0      0      0
      0      0      0      0      0      0      0      0      0      0
      0      0      0      0      0      0      0      0      0      0
      0      0      0      0      0      0      0      0      0      0
      0      0      0      0      0      0      0      0      0      0
      0      0      0      0      0      0    -75    -67    -62    -61
    -62    -65    -68      0      0    -72      0      0      0      0
      0      0      0      0      0      0      0      0      0      0
      0      0      0      0      0      0      0      0      0      0
      0      0      0      0      0      0      0      0      0      0
      0      0      0      0      0      0      0      0      0      0
      0      0      0      0      0      0      0      0      0      0
      0      0      0      0      0      0      0      0      0      0
      0      0      0      0      0      0    -82    -70    -62    -59
    -61    -64    -68      0      0      0      0      0      0      0
      0      0      0      0      0      0      0      0      0      0
      0      0      0      0      0      0      0      0      0      0
      0      0      0      0      0      0      0      0      0      0
      0      0      0      0      0      0      0      0      0      0
      0      0      0      0      0      0      0      0      0      0
      0      0      0      0      0      0      0      0      0      0
      0      0      0      0      0   -104      0    -73    -62    -60
    -61    -64    -68    -73      0      0      0      0      0      0
      0      0      0      0      0      0      0      0      0      0
      0      0      0      0      0      0      0      0      0      0
      0      0      0      0      0      0      0      0      0      0
      0      0      0      0      0      0      0      0      0      0
      0      0      0      0      0      0      0      0      0      0
      0      0      0      0      0      0      0      0      0      0
      0      0      0      0      0   -107    -92    -77    -67    -62
    -62    -65    -69    -74    -79    -83      0      0      0      0
      0      0      0      0      0      0      0      0      0      0
      0      0      0      0      0      0      0      0      0      0
      0      0      0      0      0      0      0      0      0      0
      0      0      0      0      0      0      0      0      0      0
      0      0      0      0      0      0      0      0      0      0
      0      0      0      0      0      0      0      0      0      0
      0      0      0      0      0      0      0    -81    -72    -67
    -66    -67    -71    -76    -81    -84    -86      0      0      0
      0      0      0      0      0      0      0      0      0      0
      0      0      0      0      0      0      0      0      0      0
      0      0      0      0      0      0      0      0      0      0
      0      0      0      0      0      0      0      0      0      0
      0      0      0      0      0      0      0      0      0      0
      0      0      0      0      0      0      0      0      0      0
      0      0      0      0      0      0      0      0    -76    -71
    -70    -71    -74    -78    -82    -86    -88    -89      0    -89
      0    -89    -89      0      0      0      0      0      0      0
      0      0      0      0      0      0      0      0      0      0
      0      0      0      0      0      0      0      0      0      0
      0      0      0      0      0      0      0      0      0      0
      0      0      0      0      0      0      0      0      0      0
      0      0      0      0      0      0      0      0      0      0
      0      0      0      0      0      0      0      0      0    -75
    -74    -75    -77    -81    -85    -88    -90    -91    -91    -91
    -91    -90    -90    -91      0      0      0      0      0      0
      0      0      0      0      0      0      0      0      0      0
      0      0      0      0      0      0      0      0      0      0
      0      0      0      0      0      0      0      0      0      0
      0      0      0      0      0      0      0      0      0      0
      0      0      0      0      0      0      0      0      0      0
      0      0      0   -125      0   -102    -93    -86      0      0
      0    -79    -81    -84    -87    -90    -92    -93    -93    -92
    -92    -91    -91    -91      0      0      0      0      0      0
      0      0      0      0      0      0      0      0      0      0
      0      0      0      0      0      0      0      0      0      0
      0      0      0      0      0      0      0      0      0      0
      0      0      0      0      0      0      0      0      0      0
      0      0      0      0      0      0      0      0      0      0
      0      0      0      0   -111      0    -92    -86      0      0
      0    -84    -86    -88    -91    -92    -94    -94    -94    -94
    -93    -92    -91    -90    -91      0      0      0      0      0
      0      0      0      0      0      0      0      0      0      0
      0      0      0      0      0      0      0      0      0      0
      0      0      0      0      0      0      0      0      0      0
      0      0      0      0      0      0      0      0      0      0
      0      0      0      0      0      0      0      0      0      0
      0      0      0      0      0      0    -90    -87    -85      0
    -86    -88      0    -92    -94    -95    -95    -96    -95    -95
    -93    -92    -91    -90    -90      0      0      0      0      0
      0      0      0      0      0      0      0      0      0      0
      0      0      0      0      0      0      0      0      0      0
      0      0      0      0      0      0      0      0      0      0
      0      0      0      0      0      0      0      0      0      0
      0      0      0      0      0      0      0      0      0      0
      0      0      0      0      0      0      0      0    -88    -88
    -90      0      0      0    -96    -97    -97    -97    -96    -95
    -94    -93    -91    -90    -90      0      0      0      0      0
      0      0      0      0      0      0      0      0      0      0
      0      0      0      0      0      0      0      0      0      0
      0      0      0      0      0      0      0      0      0      0
      0      0      0      0      0      0      0      0      0      0
      0      0      0      0      0      0      0      0      0      0
      0      0      0      0      0      0      0      0    -92    -92
    -93    -95    -96    -98    -98    -98    -98    -97    -97    -96
    -95    -93    -92    -90    -90    -91      0      0      0      0
      0      0      0      0      0      0      0      0      0      0
      0      0      0      0      0      0      0      0      0      0
      0      0      0      0      0      0      0      0      0      0
      0      0      0      0      0      0      0      0      0      0
      0      0      0      0      0      0      0      0      0      0
      0      0      0      0      0      0      0      0    -97    -96
    -97    -97    -98    -98    -98    -98    -98    -98    -97    -96
    -95    -94    -92    -91    -90    -90      0      0      0      0
      0      0      0      0      0      0      0      0      0      0
      0      0      0      0      0      0      0      0      0      0
      0      0      0      0      0      0      0      0      0      0
      0      0      0      0      0      0      0      0      0      0
      0      0      0      0      0      0      0      0      0      0
      0      0      0      0      0      0      0      0   -102   -101
   -100   -100   -100    -99    -99    -98    -98    -98      0    -96
    -96    -94    -93    -91    -90      0      0      0      0      0
      0      0      0      0      0      0      0      0      0      0
      0      0      0      0      0      0      0      0      0      0
      0      0      0      0      0      0      0      0      0      0
      0      0      0      0      0      0      0      0      0      0
      0      0      0      0      0      0      0      0      0      0
      0      0      0   -133   -125   -118   -113   -109   -106   -104
   -103   -102   -101   -100    -99    -98    -98    -97      0    -96
    -96    -95    -93    -92      0      0      0      0      0      0
      0      0      0      0      0      0      0      0      0      0
      0      0      0      0      0      0      0      0      0      0
      0      0      0      0      0      0      0      0      0      0
      0      0      0      0      0      0      0      0      0      0
      0      0      0      0      0      0      0      0      0      0
      0      0      0   -135   -128   -122   -116   -112      0   -107
   -105   -103   -102      0    -99    -98    -98    -97    -96      0
    -95    -95      0      0      0      0      0      0      0      0
      0      0      0      0      0      0      0      0      0      0
      0      0      0      0      0      0      0      0      0      0
      0      0      0      0      0      0      0      0      0      0
      0      0      0      0      0      0      0      0      0      0
      0      0      0      0      0      0      0      0      0      0
      0      0      0      0   -130   -124   -119      0      0      0
      0      0      0      0      0      0    -98    -96    -96    -95
    -95    -94    -93      0      0      0      0      0      0      0
      0      0      0      0      0      0      0      0      0      0
      0      0      0      0      0      0      0      0      0      0
      0      0      0      0      0      0      0      0      0      0
      0      0      0      0      0      0      0      0      0      0
      0      0      0      0      0      0      0      0      0      0
      0      0      0      0   -131   -125   -120      0      0      0
      0      0      0      0      0      0      0    -96    -95    -94
    -94    -93    -93      0      0      0      0      0      0      0
      0      0      0      0      0      0      0      0      0      0
      0      0      0      0      0      0      0      0      0      0
      0      0      0      0      0      0      0      0      0      0
      0      0      0      0      0      0      0      0      0      0
      0      0      0      0      0      0      0      0      0      0
      0      0      0      0      0      0      0      0      0      0
      0      0      0      0      0      0      0    -95    -94    -93
    -92    -92    -91    -91    -89    -87      0      0      0      0
      0      0      0      0      0      0      0      0      0      0
      0      0      0      0      0      0      0      0      0      0
      0      0      0      0      0      0      0      0      0      0
      0      0      0      0      0      0      0      0      0      0
      0      0      0      0      0      0      0      0      0      0
      0      0      0      0      0      0      0      0      0      0
      0      0      0      0      0      0      0    -95    -93    -92
    -91    -90    -90    -89    -88    -86    -83    -79      0      0
      0      0      0      0      0      0      0      0      0      0
      0      0      0      0      0      0      0      0      0      0
      0      0      0      0      0      0      0      0      0      0
      0      0      0      0      0      0      0      0      0      0
      0      0      0      0      0      0      0      0      0      0
      0      0      0      0      0      0      0      0      0      0
      0      0      0      0      0      0      0    -94    -93    -91
    -90    -89    -88    -87    -86    -85    -82    -78    -74    -68
    -62      0      0      0      0      0      0      0      0      0
      0      0      0      0      0      0      0      0      0      0
      0      0      0      0      0      0      0      0      0      0
      0      0      0      0      0      0      0      0      0      0
      0      0      0      0      0      0      0      0      0      0
      0      0      0      0      0      0      0      0      0      0
      0      0      0      0      0      0      0    -93    -92    -91
    -89    -88    -87    -85    -84    -83    -81    -77    -73    -68
    -63    -57    -51    -46      0      0      0      0      0      0
      0      0      0      0      0      0      0      0      0      0
      0      0      0      0      0      0      0      0      0      0
      0      0      0      0      0      0      0      0      0      0
      0      0      0      0      0      0      0      0      0      0
      0      0      0      0      0      0      0      0      0      0
      0      0      0      0      0      0      0    -92    -91    -90
    -88    -87    -85    -83    -82    -80    -78    -76    -72    -68
    -63    -57      0      0    -41      0      0      0      0      0
      0      0      0      0      0      0      0      0      0      0
      0      0      0      0      0      0      0      0      0      0
      0      0      0      0      0      0      0      0      0      0
      0      0      0      0      0      0      0      0      0      0
      0      0      0      0      0      0      0      0      0      0
      0      0      0      0      0      0      0      0      0      0
    -88    -85    -83    -81    -80    -78    -76    -74    -71    -67
    -62    -57      0      0      0      0      0      0      0      0
      0      0      0      0      0      0      0      0      0      0
      0      0      0      0      0      0      0      0      0      0
      0      0      0      0      0      0      0      0      0      0
      0      0      0      0      0      0      0      0      0      0
      0      0      0      0      0      0      0      0      0      0
      0      0      0      0      0      0      0    -90      0      0
    -87    -84    -82    -80    -78    -75    -73    -71    -68    -65
    -61    -57    -52    -47    -42    -39      0      0      0      0
      0      0      0      0      0      0      0      0      0      0
      0      0      0      0      0      0      0      0      0      0
      0      0      0      0      0      0      0      0      0      0
      0      0      0      0      0      0      0      0      0      0
      0      0      0      0      0      0      0      0      0      0
      0      0      0      0      0      0      0    -88    -88    -87
    -85    -83    -81    -79    -76    -74    -71    -68    -66    -63
    -59    -55    -51    -47    -43      0      0      0      0      0
      0      0      0      0      0      0      0      0      0      0
      0      0      0      0      0      0      0      0      0      0
      0      0      0      0      0      0      0      0      0      0
      0      0      0      0      0      0      0      0      0      0
      0      0      0      0      0      0      0      0      0      0
      0      0      0      0      0      0    -86    -86    -86    -85
    -84    -82    -80    -78    -75    -72    -69    -66    -63    -60
    -57    -53    -50    -47    -44    -41    -39      0      0      0
      0      0      0      0      0      0      0      0      0      0
      0      0      0      0      0      0      0      0      0      0
      0      0      0      0      0      0      0      0      0      0
      0      0      0      0      0      0      0      0      0      0
      0      0      0      0      0      0      0      0      0      0
      0      0      0      0      0      0    -84    -84    -84    -83
    -82    -81    -79    -77    -74    -71    -68    -64    -61    -57
    -54    -51    -48    -46    -44    -42    -42      0      0      0
      0      0      0      0      0      0      0      0      0      0
      0      0      0      0      0      0      0      0      0      0
      0      0      0      0      0      0      0      0      0      0
      0      0      0      0      0      0      0      0      0      0
      0      0      0      0      0      0      0      0      0      0
      0      0      0      0      0      0    -83    -83    -82    -82
    -81    -80    -78    -76    -74    -71    -67    -64    -59    -55
    -52    -48    -46    -44    -43    -43    -43    -44      0      0
      0      0      0      0      0      0      0      0      0      0
      0      0      0      0      0      0      0      0      0      0
      0      0      0      0      0      0      0      0      0      0
      0      0      0      0      0      0      0      0      0      0
      0      0      0      0      0      0      0      0      0      0
      0      0      0      0      0      0    -81    -81    -80    -80
    -79    -78    -77    -75    -73    -71    -67    -63    -59    -54
    -50    -46    -44    -42    -42    -43    -44    -46    -48      0
      0      0      0      0      0      0      0      0      0      0
      0      0      0      0      0      0      0      0      0      0
      0      0      0      0      0      0      0      0      0      0
      0      0      0      0      0      0      0      0      0      0
      0      0      0      0      0      0      0      0      0      0
      0      0      0      0      0      0      0    -79    -79    -78
    -77    -76    -75    -74    -73    -70    -67    -63    -59    -54
    -49    -45    -42    -41    -41    -42    -44    -47    -49    -51
      0      0      0      0      0      0      0      0      0      0
      0      0      0      0      0      0      0      0      0      0
      0      0      0      0      0      0      0      0      0      0
      0      0      0      0      0      0      0      0      0      0
      0      0      0      0      0      0      0      0      0      0
      0      0      0      0      0      0      0      0    -77    -76
    -75    -75    -74    -73    -72    -70    -67    -64    -59    -54
    -49    -45    -42    -40    -40    -41    -44    -47    -50    -52
      0      0      0      0      0      0      0      0      0      0
      0      0      0      0      0      0      0      0      0      0
      0      0      0      0      0      0      0      0      0      0
      0      0      0      0      0      0      0      0      0      0
      0      0      0      0      0      0      0      0      0      0
      0      0      0      0      0      0    -76    -76    -75    -74
    -74    -73    -72    -71    -70    -69    -67    -64    -60    -55
    -50    -46    -42    -40    -39    -41    -43    -46    -50    -52
      0      0      0      0      0      0      0      0      0      0
      0      0      0      0      0      0      0      0      0      0
      0      0      0      0      0      0      0      0      0      0
      0      0      0      0      0      0      0      0      0      0
      0      0      0      0      0      0      0      0      0      0
      0      0      0      0      0      0      0    -74    -74    -73
    -72    -71    -70    -70    -69    -68    -66    -64    -60    -56
    -51    -47    -43    -41    -40    -41    -43    -46    -49    -52
      0      0      0      0      0      0      0      0      0      0
      0      0      0      0      0      0      0      0      0      0
      0      0      0      0      0      0      0      0      0      0
      0      0      0      0      0      0      0      0      0      0
      0      0      0      0      0      0      0      0      0      0
      0      0      0      0      0      0      0      0      0    -71
    -70    -69    -69    -68    -68    -67    -66    -64    -61    -57
    -53    -48    -45    -42    -41    -41    -43    -46    -49    -52
    -54      0      0      0      0      0      0      0      0      0
      0      0      0      0      0      0      0      0      0      0
      0      0      0      0      0      0      0      0      0      0
      0      0      0      0      0      0      0      0      0      0
      0      0      0      0      0      0      0      0      0      0
      0      0      0      0      0      0      0      0    -71    -70
    -69    -68    -67    -67    -66    -66    -65    -63    -61    -58
    -54    -50    -46    -43    -42    -42    -43    -46    -49    -52
    -54      0      0      0      0      0      0      0      0      0
      0      0      0      0      0      0      0      0      0      0
      0      0      0      0      0      0      0      0      0      0
      0      0      0      0      0      0      0      0      0      0
      0      0      0      0      0      0      0      0      0      0
      0      0      0      0      0      0      0      0      0    -69
    -68    -67    -66    -65    -65    -64    -64    -63    -61    -58
    -55    -51    -48    -45    -43    -43    -44    -47    -50    -52
    -54      0      0      0      0      0      0      0      0      0
      0      0      0      0      0      0      0      0      0      0
      0      0      0      0      0      0      0      0      0      0
      0      0      0      0      0      0      0      0      0      0
      0      0      0      0      0      0      0      0      0      0
      0      0      0      0      0      0      0      0      0      0
    -67    -66    -65      0    -64    -63    -63    -62    -60    -59
    -56    -52    -49    -46    -44    -44    -45    -47    -50    -53
    -54      0      0      0      0      0      0      0      0      0
      0      0      0      0      0      0      0      0      0      0
      0      0      0      0      0      0      0      0      0      0
      0      0      0      0      0      0      0      0      0      0
      0      0      0      0      0      0      0      0      0      0
      0      0      0      0      0      0      0      0      0      0
      0      0      0      0    -63    -62    -62    -61    -60    -58
    -56    -53    -49    -46    -45    -44    -46    -48    -51    -53
    -54      0      0      0      0      0      0      0      0      0
      0      0      0      0      0      0      0      0      0      0
      0      0      0      0      0      0      0      0      0      0
      0      0      0      0      0      0      0      0      0      0
      0      0      0      0      0      0      0      0      0      0
      0      0      0      0      0      0      0      0      0      0
      0      0      0      0      0      0      0    -60      0      0
    -55    -52    -49    -46    -45    -45    -46    -48    -51    -53
    -54    -53      0      0      0      0      0      0      0      0
      0      0      0      0      0      0      0      0      0      0
      0      0      0      0      0      0      0      0      0      0
      0      0      0      0      0      0      0      0      0      0
      0      0      0      0      0      0      0      0      0      0
      0      0      0      0      0      0      0      0      0      0
      0      0      0      0      0      0      0      0      0      0
      0    -51    -49    -46    -45    -45    -46    -48    -50    -52
    -53    -53    -50      0      0      0      0      0      0      0
      0      0      0      0      0      0      0      0      0      0
      0      0      0      0      0      0      0      0      0      0
      0      0      0      0      0      0      0      0      0      0
      0      0      0      0      0      0      0      0      0      0
      0      0      0      0      0      0      0      0      0      0
      0      0      0      0      0      0      0      0      0      0
      0    -51    -48    -46    -45    -45    -46    -48    -50    -52
    -53    -52    -49      0      0      0      0      0      0      0
      0      0      0      0      0      0      0      0      0      0
      0      0      0      0      0      0      0      0      0      0
      0      0      0      0      0      0      0      0      0      0
      0      0      0      0      0      0      0      0      0      0
      0      0      0      0      0      0      0      0      0      0
      0      0      0      0      0      0      0      0      0    -54
    -52      0      0      0    -45    -45    -45    -47    -49    -50
    -51    -50    -47    -41      0      0      0      0      0      0
      0      0      0      0      0      0      0      0      0      0
      0      0      0      0      0      0      0      0      0      0
      0      0      0      0      0      0      0      0      0      0
      0      0      0      0      0      0      0      0      0      0
      0      0      0      0      0      0      0      0      0      0
      0      0      0      0      0      0      0      0      0      0
      0    -50      0      0      0      0    -45    -46    -47    -48
    -49    -48    -45    -39      0      0      0      0      0      0
      0      0      0      0      0      0      0      0      0      0
      0      0      0      0      0      0      0      0      0      0
      0      0      0      0      0      0      0      0      0      0
      0      0      0      0      0      0      0      0      0      0
      0      0      0      0      0      0      0      0      0      0
      0      0      0      0      0      0      0      0      0      0
      0      0      0      0      0      0    -45    -45    -45    -46
    -46    -45    -42    -36    -27      0      0      0      0      0
      0      0      0      0      0      0      0      0      0      0
      0      0      0      0      0      0      0      0      0      0
      0      0      0      0      0      0      0      0      0      0
      0      0      0      0      0      0      0      0      0      0
      0      0      0      0      0      0      0      0      0      0
      0      0      0      0      0      0      0      0      0      0
      0      0      0      0      0      0      0      0    -44    -43
    -42    -40    -37    -32    -23      0      0      0      0      0
      0      0      0      0      0      0      0      0      0      0
      0      0      0      0      0      0      0      0      0      0
      0      0      0      0      0      0      0      0      0      0
      0      0      0      0      0      0      0      0      0      0
      0      0      0      0      0      0      0      0      0      0
      0      0      0      0      0      0      0      0      0      0
      0      0      0      0      0      0      0      0      0      0
      0      0      0    -25    -16     -5      8     22      0      0
      0      0      0      0      0      0      0      0      0      0
      0      0      0      0      0      0      0      0      0      0
      0      0      0      0      0      0      0      0      0      0
      0      0      0      0      0      0      0      0      0      0
      0      0      0      0      0      0      0      0      0      0
      0      0      0      0      0      0      0      0      0      0
      0      0      0      0      0      0      0      0      0      0
      0      0      0    -18     -8      3     15     29     43     57
      0      0      0      0      0      0      0      0      0      0
      0      0      0      0      0      0      0      0      0      0
      0      0      0      0      0      0      0      0      0      0
      0      0      0      0      0      0      0      0      0      0
      0      0      0      0      0      0      0      0      0      0
      0      0      0      0      0      0      0      0      0      0
      0      0      0      0      0      0      0      0      0      0
      0      0      0    -10      0     11     23     36     50     64
      0      0      0      0      0      0      0      0      0      0
      0      0      0      0      0      0      0      0      0      0
      0      0      0      0      0      0      0      0      0      0
      0      0      0      0      0      0      0      0      0      0
      0      0      0      0      0      0      0      0      0      0
      0      0      0      0      0      0      0      0      0      0
      0      0      0      0      0      0      0      0      0      0
      0      0      0     -2      8     19     31     44     58     71
      0      0      0      0      0      0      0      0      0      0
      0      0      0      0      0      0      0      0      0      0
      0      0      0      0      0      0      0      0      0      0
      0      0      0      0      0      0      0      0      0      0
      0      0      0      0      0      0      0      0      0      0
      0      0      0      0      0      0      0      0      0      0
      0      0      0      0      0      0      0      0      0      0
      0      0      0      0      0     28     40     53     66     79
     92    104    115      0      0      0      0      0      0      0
      0      0      0      0      0      0      0      0      0      0
      0      0      0      0      0      0      0      0      0      0
      0      0      0      0      0      0      0      0      0      0
      0      0      0      0      0      0      0      0      0      0
      0      0      0      0      0      0      0      0      0      0
      0      0      0      0      0      0      0      0      0      0
      0      0      0      0      0      0      0     62     74     87
     98    109      0      0      0      0      0      0      0      0
      0      0      0      0      0      0      0      0      0      0
      0      0      0      0      0      0      0      0      0      0
      0      0      0      0      0      0      0      0      0      0
      0      0      0      0      0      0      0      0      0      0
      0      0      0      0      0      0      0      0      0      0
      0      0      0      0      0      0      0      0      0      0
      0      0      0      0      0      0      0      0      0      0
      0      0      0      0      0      0      0      0      0      0
      0      0      0      0      0      0      0      0      0      0
      0      0      0      0      0      0      0      0      0      0
      0      0      0      0      0      0      0      0      0      0
      0      0      0      0      0      0      0      0      0      0
      0      0      0      0      0      0      0      0      0      0
      0      0      0      0      0      0      0      0      0      0
      0      0      0      0      0      0      0      0      0      0
      0      0      0      0      0      0      0      0      0      0
      0      0      0      0      0      0      0      0      0      0
      0      0      0      0      0      0      0      0      0      0
      0      0      0      0      0      0      0      0      0      0
      0      0      0      0      0      0      0      0      0      0
      0      0      0      0      0      0      0      0      0      0
      0      0      0      0      0      0      0      0      0      0
      0      0      0      0      0      0      0      0      0      0
      0      0      0      0      0      0      0      0      0      0
      0      0      0      0      0      0      0      0      0      0
      0      0      0      0      0      0      0      0      0      0
      0      0      0      0      0      0      0      0      0      0
      0      0      0      0      0      0      0      0      0      0
      0      0      0      0      0      0      0      0      0      0
      0      0      0      0      0      0      0      0      0      0
      0      0      0      0      0      0      0      0      0      0
      0      0      0      0      0      0      0      0      0      0
      0      0      0      0      0      0      0      0      0      0
      0      0      0      0      0      0      0      0      0      0
      0      0      0      0      0      0      0      0      0      0
      0      0      0      0      0      0      0      0      0      0
      0      0      0      0      0      0      0      0      0      0
      0      0      0      0      0      0      0      0      0      0
      0      0      0      0      0      0      0      0      0      0
      0      0      0      0      0      0      0      0      0      0
      0      0      0      0      0      0      0      0      0      0
      0      0      0      0      0      0      0      0      0      0
      0      0      0      0      0      0      0      0      0      0
      0      0      0      0      0      0      0      0      0      0
      0      0      0      0      0      0      0      0      0      0
      0      0      0      0      0      0      0      0      0      0
      0      0      0      0      0      0      0      0      0      0
      0      0      0      0      0      0      0      0      0      0
      0      0      0      0      0      0      0      0      0      0
      0      0      0      0      0      0      0      0      0      0
      0      0      0      0      0      0      0      0      0      0
      0      0      0      0      0      0      0      0      0      0
      0      0      0      0   -124   -128   -131      0      0      0
      0      0      0      0      0      0      0      0      0      0
      0      0      0      0      0      0      0      0      0      0
      0      0      0      0      0      0      0      0      0      0
      0      0      0      0      0      0      0      0      0      0
      0      0      0      0      0      0      0      0      0      0
      0      0      0      0      0      0      0      0      0      0
      0      0      0      0      0      0      0      0      0      0
      0      0      0      0      0      0   -130      0      0      0
      0      0      0      0      0      0      0      0      0      0
      0      0      0      0      0      0      0      0      0      0
      0      0      0      0      0      0      0      0      0      0
      0      0      0      0      0      0      0      0      0      0
      0      0      0      0      0      0      0      0      0      0
      0      0      0      0      0      0      0      0      0      0
      0      0      0      0      0      0      0      0      0      0
      0      0      0      0      0      0   -130      0      0      0
      0      0      0      0      0      0      0      0      0      0
      0      0      0      0      0      0      0      0      0      0
      0      0      0      0      0      0      0      0      0      0
      0      0      0      0      0      0      0      0      0      0
      0      0      0      0      0      0      0      0      0      0
      0      0      0      0      0      0      0      0      0      0
      0      0      0      0      0   -116      0      0      0      0
      0      0      0      0      0      0   -129   -131      0      0
      0      0      0      0      0      0      0      0      0      0
      0      0      0      0      0      0      0      0      0      0
      0      0      0      0      0      0      0      0      0      0
      0      0      0      0      0      0      0      0      0      0
      0      0      0      0      0      0      0      0      0      0
      0      0      0      0      0      0      0      0      0      0
      0      0      0      0      0   -117   -117   -117   -116      0
      0      0      0      0      0      0      0   -131   -133      0
      0      0      0      0      0      0      0      0      0      0
      0      0      0      0      0      0      0      0      0      0
      0      0      0      0   -111   -115      0      0      0      0
      0      0      0      0      0      0      0      0      0      0
      0      0      0      0      0      0      0      0      0      0
      0      0      0      0      0      0      0      0      0      0
      0      0      0   -121   -120   -119   -118   -118   -118   -118
   -118   -119      0      0      0      0      0   -130      0      0
      0      0      0      0      0      0      0      0      0      0
      0      0      0      0      0      0      0      0      0      0
    -78    -89    -99   -107   -114   -118   -119      0      0      0
      0      0      0      0      0      0      0      0      0      0
      0      0      0      0      0      0      0      0      0      0
      0      0      0      0      0      0      0      0      0      0
      0      0   -123   -122   -121   -120   -120   -120   -120   -120
   -120   -120   -121   -122      0      0      0   -130      0      0
      0      0      0      0      0      0      0      0      0      0
      0      0      0      0      0      0      0      0    -64    -72
    -81    -92   -101   -110   -117   -120   -121   -119      0      0
      0      0      0      0      0      0      0      0      0      0
      0      0      0      0      0      0      0      0      0      0
      0      0      0      0      0      0   -137   -135   -133   -130
   -128   -126   -125   -123   -122   -121   -121   -121   -121   -121
   -121   -122   -122   -123   -124      0      0      0      0      0
      0      0      0      0      0      0      0      0      0      0
      0      0      0      0      0      0      0      0      0    -76
    -85    -94   -104   -112   -119   -123      0      0      0      0
      0      0      0      0      0      0      0      0      0      0
      0      0      0      0      0      0      0      0      0      0
      0      0      0      0      0      0   -136   -135   -133   -131
   -129   -127   -126   -124   -123   -122   -122   -122   -122   -122
   -123   -123   -124   -124   -125   -126      0      0      0      0
      0      0      0      0      0      0      0      0      0      0
      0      0      0      0      0      0      0      0    -74    -80
    -88    -96   -105   -114   -121      0      0      0      0      0
      0      0      0      0      0      0      0      0      0      0
      0      0      0      0      0      0      0      0      0      0
      0      0      0      0      0      0      0   -134   -133   -131
   -130   -128   -127   -125   -124   -123   -123   -123   -123   -123
   -124   -125   -125   -126   -126   -127   -128      0      0      0
      0      0      0      0      0      0      0      0      0      0
      0      0      0      0      0      0      0    -75    -79    -84
    -90    -97      0   -113   -121      0      0      0      0      0
      0      0      0      0      0      0      0      0      0      0
      0      0      0      0      0      0      0      0      0      0
      0      0      0      0      0      0      0   -134   -132   -131
   -130   -129   -127   -126   -125   -124   -124   -124   -124   -125
   -125   -126   -126   -127   -127   -128   -128   -129      0      0
   -130      0      0      0      0      0      0      0      0      0
      0      0      0      0      0      0    -80    -81    -83    -87
    -91    -97   -104      0      0      0   -121   -117      0      0
      0      0    -79    -71    -63      0      0      0      0      0
      0      0      0      0      0      0      0      0      0      0
      0      0      0      0      0      0      0   -133   -132   -131
   -130   -129   -128   -127   -126   -125   -125   -125   -125   -126
   -126   -127   -127   -128   -128   -128   -128   -129   -129      0
   -129   -129      0      0      0      0      0      0      0      0
      0      0      0      0    -87    -87    -87    -87    -88    -89
    -92      0      0   -108   -113   -115   -115   -112   -107   -100
    -93    -85    -76    -69      0      0      0      0      0    -38
    -36    -34    -32    -31      0      0      0      0      0      0
      0      0      0      0      0      0      0   -132   -131   -130
   -129   -129   -128   -127   -126   -126   -125   -126   -126   -126
   -127   -128   -128   -129   -129   -129   -129   -128   -128   -128
   -128   -128   -127   -125   -122   -119   -115   -110      0      0
      0      0      0    -96    -95    -94    -93    -92    -92    -92
    -93    -95   -100   -104   -108   -110   -109   -107   -103    -97
    -90    -82    -74    -66      0      0      0      0    -39    -36
    -34    -32    -30    -29    -28    -28    -28      0      0      0
      0      0      0      0      0      0   -131   -131   -130   -129
   -129   -128   -127   -127   -126   -126   -126   -126   -126   -127
   -128   -128   -129   -129   -129   -129   -129   -128   -128      0
      0      0      0      0      0      0      0   -112   -109      0
      0      0      0   -104   -103   -101    -99    -97      0      0
      0      0      0      0      0      0      0   -102    -98    -93
      0    -79    -72    -64    -57    -51    -45    -41    -37    -34
    -32    -30    -28    -27    -26    -26    -26      0      0      0
      0      0      0      0      0      0   -130   -129   -129   -128
   -128   -127   -127   -126   -126   -126   -126   -126   -127   -127
   -128   -129   -129   -130   -130   -129   -129   -128   -127      0
      0      0      0      0      0      0      0      0   -111   -110
   -109   -110   -113   -111   -109      0      0      0      0      0
      0      0      0      0      0      0      0      0      0      0
      0      0      0      0      0    -49      0    -39    -36    -33
    -30    -28    -26    -25    -25    -24    -24      0      0      0
      0      0      0      0      0      0   -128   -128   -127   -127
   -126   -126   -126   -126   -126   -126   -126   -126   -127   -127
   -127   -128   -129   -129   -130   -129   -129   -128      0      0
      0      0      0      0      0      0      0      0   -113   -113
   -113   -115   -116      0      0      0      0      0      0      0
      0      0      0      0      0      0      0      0      0      0
      0      0      0      0      0      0      0      0      0      0
    -29    -27    -25    -24    -23    -23    -23    -23    -23      0
      0      0      0      0      0      0   -126   -126   -126   -125
   -125   -125   -125   -125   -125   -125   -125   -125   -126   -126
   -126   -127   -128   -128   -129   -129      0      0      0      0
      0      0      0      0      0      0      0      0      0      0
      0      0      0      0      0      0      0      0      0      0
      0      0      0      0      0      0      0      0      0      0
      0      0      0      0      0      0      0      0      0      0
      0      0      0      0    -22    -22    -22    -22    -22      0
      0      0      0      0      0      0      0   -124   -124   -123
   -123   -123   -123   -123   -123   -123   -123   -123   -124   -124
   -125   -125   -126   -127      0      0      0      0      0      0
      0      0      0      0      0      0      0      0      0      0
      0      0      0      0      0      0      0      0      0      0
      0      0      0      0      0      0      0      0      0      0
      0      0      0      0      0      0      0      0      0      0
      0      0      0      0      0      0      0      0      0      0
      0      0      0      0      0      0      0      0      0      0
   -121   -122   -122   -122   -121   -121   -121   -121   -121      0
      0      0      0      0      0      0      0      0      0      0
      0      0      0      0      0      0      0      0      0      0
      0      0      0      0      0      0      0      0      0      0
      0      0      0      0      0      0      0      0      0      0
      0      0      0      0      0      0      0      0      0      0
      0      0      0      0      0      0      0      0      0      0
      0      0      0      0      0      0      0      0      0      0
      0   -120   -120   -120   -119   -119   -119   -118   -118   -118
      0      0      0      0      0      0      0      0      0      0
      0      0      0      0      0      0      0      0      0      0
      0      0      0      0      0      0      0      0      0      0
      0      0      0      0      0      0      0      0      0      0
      0      0      0      0      0      0      0      0      0      0
      0      0      0      0      0      0      0      0      0      0
      0      0      0      0      0      0      0      0   -118   -118
   -118   -118   -118   -118   -117   -117   -116   -115   -115      0
      0      0      0      0      0      0      0      0      0      0
      0      0      0      0      0      0      0      0      0      0
      0      0      0      0      0      0      0      0      0      0
      0      0      0      0      0      0      0      0      0      0
      0      0      0      0      0      0      0      0      0      0
      0      0      0      0      0      0      0      0      0      0
      0      0      0      0      0      0   -115   -116   -116   -116
   -116   -116   -116   -116   -115   -114   -113      0      0      0
      0      0      0      0      0      0      0      0      0      0
      0      0      0      0      0      0      0      0      0      0
      0      0      0      0      0      0      0      0      0      0
      0      0      0      0      0      0      0      0      0      0
      0      0      0      0      0      0      0      0      0      0
      0      0      0      0      0      0      0      0      0      0
      0      0      0      0      0      0   -113   -114   -114   -114
   -114   -114   -114      0      0   -111      0      0      0      0
      0      0      0      0      0      0      0      0      0      0
      0      0      0      0      0      0      0      0      0      0
      0      0      0      0      0      0      0      0      0      0
      0      0      0      0      0      0      0      0      0      0
      0      0      0      0      0      0      0      0      0      0
      0      0      0      0      0      0      0      0      0      0
      0      0      0      0      0      0   -110   -111   -112   -112
   -112   -112   -111      0      0      0      0      0      0      0
      0      0      0      0      0      0      0      0      0      0
      0      0      0      0      0      0      0      0      0      0
      0      0      0      0      0      0      0      0      0      0
      0      0      0      0      0      0      0      0      0      0
      0      0      0      0      0      0      0      0      0      0
      0      0      0      0      0      0      0      0      0      0
      0      0      0      0      0   -107      0   -109   -109   -109
   -109   -109   -109   -108      0      0      0      0      0      0
      0      0      0      0      0      0      0      0      0      0
      0      0      0      0      0      0      0      0      0      0
      0      0      0      0      0      0      0      0      0      0
      0      0      0      0      0      0      0      0      0      0
      0      0      0      0      0      0      0      0      0      0
      0      0      0      0      0      0      0      0      0      0
      0      0      0      0      0   -104   -105   -106   -106   -107
   -107   -106   -106   -105   -104   -104      0      0      0      0
      0      0      0      0      0      0      0      0      0      0
      0      0      0      0      0      0      0      0      0      0
      0      0      0      0      0      0      0      0      0      0
      0      0      0      0      0      0      0      0      0      0
      0      0      0      0      0      0      0      0      0      0
      0      0      0      0      0      0      0      0      0      0
      0      0      0      0      0      0      0   -103   -104   -104
   -104   -104   -103   -103   -102   -101   -101      0      0      0
      0      0      0      0      0      0      0      0      0      0
      0      0      0      0      0      0      0      0      0      0
      0      0      0      0      0      0      0      0      0      0
      0      0      0      0      0      0      0      0      0      0
      0      0      0      0      0      0      0      0      0      0
      0      0      0      0      0      0      0      0      0      0
      0      0      0      0      0      0      0      0   -101   -101
   -101   -101   -101   -100   -100    -99    -99    -99      0    -99
      0   -101   -102      0      0      0      0      0      0      0
      0      0      0      0      0      0      0      0      0      0
      0      0      0      0      0      0      0      0      0      0
      0      0      0      0      0      0      0      0      0      0
      0      0      0      0      0      0      0      0      0      0
      0      0      0      0      0      0      0      0      0      0
      0      0      0      0      0      0      0      0      0    -98
    -99    -98    -98    -98    -98    -97    -97    -97    -98    -98
    -99   -100   -101   -102      0      0      0      0      0      0
      0      0      0      0      0      0      0      0      0      0
      0      0      0      0      0      0      0      0      0      0
      0      0      0      0      0      0      0      0      0      0
      0      0      0      0      0      0      0      0      0      0
      0      0      0      0      0      0      0      0      0      0
      0      0      0    -87      0    -92    -94    -95      0      0
      0    -96    -96    -96    -96    -96    -96    -97    -97    -98
    -98    -99   -101   -102      0      0      0      0      0      0
      0      0      0      0      0      0      0      0      0      0
      0      0      0      0      0      0      0      0      0      0
      0      0      0      0      0      0      0      0      0      0
      0      0      0      0      0      0      0      0      0      0
      0      0      0      0      0      0      0      0      0      0
      0      0      0      0    -86      0    -91    -92      0      0
      0    -94    -94    -94    -94    -95    -96    -96    -97    -97
    -98   -100   -101   -102   -103      0      0      0      0      0
      0      0      0      0      0      0      0      0      0      0
      0      0      0      0      0      0      0      0      0      0
      0      0      0      0      0      0      0      0      0      0
      0      0      0      0      0      0      0      0      0      0
      0      0      0      0      0      0      0      0      0      0
      0      0      0      0      0      0    -88    -89    -90      0
    -91    -91      0    -92    -93    -94    -95    -96    -97    -98
    -99   -100   -101   -103   -104      0      0      0      0      0
      0      0      0      0      0      0      0      0      0      0
      0      0      0      0      0      0      0      0      0      0
      0      0      0      0      0      0      0      0      0      0
      0      0      0      0      0      0      0      0      0      0
      0      0      0      0      0      0      0      0      0      0
      0      0      0      0      0      0      0      0    -87    -88
    -89      0      0      0    -93    -94    -96    -97    -98    -98
    -99   -101   -102   -103   -105      0      0      0      0      0
      0      0      0      0      0      0      0      0      0      0
      0      0      0      0      0      0      0      0      0      0
      0      0      0      0      0      0      0      0      0      0
      0      0      0      0      0      0      0      0      0      0
      0      0      0      0      0      0      0      0      0      0
      0      0      0      0      0      0      0      0    -84    -86
    -87    -88    -90    -91    -93    -95    -96    -97    -98    -99
   -100   -102   -103   -104   -105   -107      0      0      0      0
      0      0      0      0      0      0      0      0      0      0
      0      0      0      0      0      0      0      0      0      0
      0      0      0      0      0      0      0      0      0      0
      0      0      0      0      0      0      0      0      0      0
      0      0      0      0      0      0      0      0      0      0
      0      0      0      0      0      0      0      0    -81    -83
    -85    -87    -89    -91    -93    -95    -97    -98   -100   -101
   -102   -103   -104   -105   -107   -108      0      0      0      0
      0      0      0      0      0      0      0      0      0      0
      0      0      0      0      0      0      0      0      0      0
      0      0      0      0      0      0      0      0      0      0
      0      0      0      0      0      0      0      0      0      0
      0      0      0      0      0      0      0      0      0      0
      0      0      0      0      0      0      0      0    -78    -81
    -84    -86    -89    -91    -94    -96    -98   -100      0   -102
   -103   -104   -105   -107   -108      0      0      0      0      0
      0      0      0      0      0      0      0      0      0      0
      0      0      0      0      0      0      0      0      0      0
      0      0      0      0      0      0      0      0      0      0
      0      0      0      0      0      0      0      0      0      0
      0      0      0      0      0      0      0      0      0      0
      0      0      0    -50    -56    -62    -67    -72    -76    -79
    -83    -86    -89    -92    -94    -97    -99   -101      0   -104
   -105   -106   -107   -108      0      0      0      0      0      0
      0      0      0      0      0      0      0      0      0      0
      0      0      0      0      0      0      0      0      0      0
      0      0      0      0      0      0      0      0      0      0
      0      0      0      0      0      0      0      0      0      0
      0      0      0      0      0      0      0      0      0      0
      0      0      0    -47    -54    -60    -65    -70      0    -78
    -82    -86    -89      0    -95    -98   -100   -102   -104      0
   -107   -108      0      0      0      0      0      0      0      0
      0      0      0      0      0      0      0      0      0      0
      0      0      0      0      0      0      0      0      0      0
      0      0      0      0      0      0      0      0      0      0
      0      0      0      0      0      0      0      0      0      0
      0      0      0      0      0      0      0      0      0      0
      0      0      0      0    -52    -59    -64      0      0      0
      0      0      0      0      0      0   -101   -103   -106   -107
   -109   -110   -111      0      0      0      0      0      0      0
      0      0      0      0      0      0      0      0      0      0
      0      0      0      0      0      0      0      0      0      0
      0      0      0      0      0      0      0      0      0      0
      0      0      0      0      0      0      0      0      0      0
      0      0      0      0      0      0      0      0      0      0
      0      0      0      0    -53    -59    -65      0      0      0
      0      0      0      0      0      0      0   -105   -107   -109
   -111   -112   -113      0      0      0      0      0      0      0
      0      0      0      0      0      0      0      0      0      0
      0      0      0      0      0      0      0      0      0      0
      0      0      0      0      0      0      0      0      0      0
      0      0      0      0      0      0      0      0      0      0
      0      0      0      0      0      0      0      0      0      0
      0      0      0      0      0      0      0      0      0      0
      0      0      0      0      0      0      0   -107   -110   -112
   -113   -115   -116   -117   -119   -121      0      0      0      0
      0      0      0      0      0      0      0      0      0      0
      0      0      0      0      0      0      0      0      0      0
      0      0      0      0      0      0      0      0      0      0
      0      0      0      0      0      0      0      0      0      0
      0      0      0      0      0      0      0      0      0      0
      0      0      0      0      0      0      0      0      0      0
      0      0      0      0      0      0      0   -110   -112   -114
   -116   -117   -119   -120   -122   -124   -127   -130      0      0
      0      0      0      0      0      0      0      0      0      0
      0      0      0      0      0      0      0      0      0      0
      0      0      0      0      0      0      0      0      0      0
      0      0      0      0      0      0      0      0      0      0
      0      0      0      0      0      0      0      0      0      0
      0      0      0      0      0      0      0      0      0      0
      0      0      0      0      0      0      0   -112   -115   -117
   -119   -120   -122   -123   -125   -127   -130   -133   -136   -139
   -143      0      0      0      0      0      0      0      0      0
      0      0      0      0      0      0      0      0      0      0
      0      0      0      0      0      0      0      0      0      0
      0      0      0      0      0      0      0      0      0      0
      0      0      0      0      0      0      0      0      0      0
      0      0      0      0      0      0      0      0      0      0
      0      0      0      0      0      0      0   -115   -117   -119
   -121   -123   -125   -127   -128   -130   -133   -135   -138   -142
   -145   -148   -152   -155      0      0      0      0      0      0
      0      0      0      0      0      0      0      0      0      0
      0      0      0      0      0      0      0      0      0      0
      0      0      0      0      0      0      0      0      0      0
      0      0      0      0      0      0      0      0      0      0
      0      0      0      0      0      0      0      0      0      0
      0      0      0      0      0      0      0   -119   -120   -122
   -124   -126   -128   -130   -132   -134   -136   -138   -141   -144
   -147   -150      0      0   -159      0      0      0      0      0
      0      0      0      0      0      0      0      0      0      0
      0      0      0      0      0      0      0      0      0      0
      0      0      0      0      0      0      0      0      0      0
      0      0      0      0      0      0      0      0      0      0
      0      0      0      0      0      0      0      0      0      0
      0      0      0      0      0      0      0      0      0      0
   -127   -129   -131   -133   -135   -137   -138   -141   -143   -146
   -148   -151      0      0      0      0      0      0      0      0
      0      0      0      0      0      0      0      0      0      0
      0      0      0      0      0      0      0      0      0      0
      0      0      0      0      0      0      0      0      0      0
      0      0      0      0      0      0      0      0      0      0
      0      0      0      0      0      0      0      0      0      0
      0      0      0      0      0      0      0   -126      0      0
   -130   -132   -134   -136   -138   -139   -141   -143   -145   -148
   -150   -152   -155   -157   -160   -161      0      0      0      0
      0      0      0      0      0      0      0      0      0      0
      0      0      0      0      0      0      0      0      0      0
      0      0      0      0      0      0      0      0      0      0
      0      0      0      0      0      0      0      0      0      0
      0      0      0      0      0      0      0      0      0      0
      0      0      0      0      0      0      0   -129   -131   -132
   -133   -135   -137   -139   -140   -142   -144   -145   -147   -149
   -151   -154   -156   -158   -160      0      0      0      0      0
      0      0      0      0      0      0      0      0      0      0
      0      0      0      0      0      0      0      0      0      0
      0      0      0      0      0      0      0      0      0      0
      0      0      0      0      0      0      0      0      0      0
      0      0      0      0      0      0      0      0      0      0
      0      0      0      0      0      0   -132   -133   -134   -135
   -137   -138   -140   -141   -143   -144   -146   -148   -149   -151
   -153   -155   -157   -159   -160   -162   -163      0      0      0
      0      0      0      0      0      0      0      0      0      0
      0      0      0      0      0      0      0      0      0      0
      0      0      0      0      0      0      0      0      0      0
      0      0      0      0      0      0      0      0      0      0
      0      0      0      0      0      0      0      0      0      0
      0      0      0      0      0      0   -136   -137   -138   -139
   -140   -141   -142   -144   -145   -147   -148   -150   -151   -153
   -154   -156   -158   -159   -161   -162   -163      0      0      0
      0      0      0      0      0      0      0      0      0      0
      0      0      0      0      0      0      0      0      0      0
      0      0      0      0      0      0      0      0      0      0
      0      0      0      0      0      0      0      0      0      0
      0      0      0      0      0      0      0      0      0      0
      0      0      0      0      0      0   -140   -141   -141   -142
   -143   -144   -145   -146   -147   -149   -150   -151   -153   -154
   -156   -157   -159   -160   -161   -162   -163   -164      0      0
      0      0      0      0      0      0      0      0      0      0
      0      0      0      0      0      0      0      0      0      0
      0      0      0      0      0      0      0      0      0      0
      0      0      0      0      0      0      0      0      0      0
      0      0      0      0      0      0      0      0      0      0
      0      0      0      0      0      0   -144   -144   -145   -145
   -146   -146   -147   -149   -150   -151   -152   -153   -154   -156
   -157   -158   -160   -161   -162   -163   -164   -165   -165      0
      0      0      0      0      0      0      0      0      0      0
      0      0      0      0      0      0      0      0      0      0
      0      0      0      0      0      0      0      0      0      0
      0      0      0      0      0      0      0      0      0      0
      0      0      0      0      0      0      0      0      0      0
      0      0      0      0      0      0      0   -147   -148   -148
   -148   -149   -150   -151   -152   -153   -154   -155   -156   -157
   -158   -159   -161   -162   -163   -164   -165   -166   -167   -167
      0      0      0      0      0      0      0      0      0      0
      0      0      0      0      0      0      0      0      0      0
      0      0      0      0      0      0      0      0      0      0
      0      0      0      0      0      0      0      0      0      0
      0      0      0      0      0      0      0      0      0      0
      0      0      0      0      0      0      0      0   -150   -150
   -151   -152   -152   -153   -154   -155   -156   -157   -158   -159
   -159   -161   -162   -163   -164   -166   -167   -168   -169   -169
      0      0      0      0      0      0      0      0      0      0
      0      0      0      0      0      0      0      0      0      0
      0      0      0      0      0      0      0      0      0      0
      0      0      0      0      0      0      0      0      0      0
      0      0      0      0      0      0      0      0      0      0
      0      0      0      0      0      0   -151   -152   -152   -153
   -153   -154   -155   -156   -156   -157   -158   -158   -159   -160
   -161   -162   -163   -164   -165   -167   -168   -170   -171   -172
      0      0      0      0      0      0      0      0      0      0
      0      0      0      0      0      0      0      0      0      0
      0      0      0      0      0      0      0      0      0      0
      0      0      0      0      0      0      0      0      0      0
      0      0      0      0      0      0      0      0      0      0
      0      0      0      0      0      0      0   -153   -154   -154
   -155   -156   -157   -158   -158   -159   -160   -160   -161   -161
   -162   -163   -164   -165   -167   -168   -170   -172   -173   -174
      0      0      0      0      0      0      0      0      0      0
      0      0      0      0      0      0      0      0      0      0
      0      0      0      0      0      0      0      0      0      0
      0      0      0      0      0      0      0      0      0      0
      0      0      0      0      0      0      0      0      0      0
      0      0      0      0      0      0      0      0      0   -156
   -157   -158   -158   -159   -160   -161   -161   -162   -162   -163
   -163   -164   -165   -166   -168   -170   -172   -173   -175   -177
   -179      0      0      0      0      0      0      0      0      0
      0      0      0      0      0      0      0      0      0      0
      0      0      0      0      0      0      0      0      0      0
      0      0      0      0      0      0      0      0      0      0
      0      0      0      0      0      0      0      0      0      0
      0      0      0      0      0      0      0      0   -156   -157
   -158   -159   -160   -161   -161   -162   -163   -163   -163   -164
   -164   -165   -166   -168   -169   -171   -173   -175   -177   -179
   -181      0      0      0      0      0      0      0      0      0
      0      0      0      0      0      0      0      0      0      0
      0      0      0      0      0      0      0      0      0      0
      0      0      0      0      0      0      0      0      0      0
      0      0      0      0      0      0      0      0      0      0
      0      0      0      0      0      0      0      0      0   -158
   -159   -160   -161   -162   -162   -163   -164   -164   -165   -165
   -166   -166   -167   -169   -171   -173   -175   -177   -179   -182
   -184      0      0      0      0      0      0      0      0      0
      0      0      0      0      0      0      0      0      0      0
      0      0      0      0      0      0      0      0      0      0
      0      0      0      0      0      0      0      0      0      0
      0      0      0      0      0      0      0      0      0      0
      0      0      0      0      0      0      0      0      0      0
   -159   -160   -161      0   -163   -164   -165   -165   -166   -166
   -167   -167   -169   -170   -172   -174   -176   -179   -181   -184
   -186      0      0      0      0      0      0      0      0      0
      0      0      0      0      0      0      0      0      0      0
      0      0      0      0      0      0      0      0      0      0
      0      0      0      0      0      0      0      0      0      0
      0      0      0      0      0      0      0      0      0      0
      0      0      0      0      0      0      0      0      0      0
      0      0      0      0   -163   -164   -165   -166   -166   -167
   -168   -169   -170   -171   -173   -176   -178   -180   -183   -185
   -188      0      0      0      0      0      0      0      0      0
      0      0      0      0      0      0      0      0      0      0
      0      0      0      0      0      0      0      0      0      0
      0      0      0      0      0      0      0      0      0      0
      0      0      0      0      0      0      0      0      0      0
      0      0      0      0      0      0      0      0      0      0
      0      0      0      0      0      0      0   -166      0      0
   -169   -170   -171   -173   -175   -177   -179   -182   -185   -187
   -190   -192      0      0      0      0      0      0      0      0
      0      0      0      0      0      0      0      0      0      0
      0      0      0      0      0      0      0      0      0      0
      0      0      0      0      0      0      0      0      0      0
      0      0      0      0      0      0      0      0      0      0
      0      0      0      0      0      0      0      0      0      0
      0      0      0      0      0      0      0      0      0      0
      0   -171   -173   -174   -176   -179   -181   -184   -186   -189
   -191   -193   -195      0      0      0      0      0      0      0
      0      0      0      0      0      0      0      0      0      0
      0      0      0      0      0      0      0      0      0      0
      0      0      0      0      0      0      0      0      0      0
      0      0      0      0      0      0      0      0      0      0
      0      0      0      0      0      0      0      0      0      0
      0      0      0      0      0      0      0      0      0      0
      0   -172   -174   -176   -178   -180   -183   -185   -188   -190
   -192   -194   -196      0      0      0      0      0      0      0
      0      0      0      0      0      0      0      0      0      0
      0      0      0      0      0      0      0      0      0      0
      0      0      0      0      0      0      0      0      0      0
      0      0      0      0      0      0      0      0      0      0
      0      0      0      0      0      0      0      0      0      0
      0      0      0      0      0      0      0      0      0   -170
   -172      0      0      0   -180   -182   -184   -187   -189   -191
   -193   -195   -197   -199      0      0      0      0      0      0
      0      0      0      0      0      0      0      0      0      0
      0      0      0      0      0      0      0      0      0      0
      0      0      0      0      0      0      0      0      0      0
      0      0      0      0      0      0      0      0      0      0
      0      0      0      0      0      0      0      0      0      0
      0      0      0      0      0      0      0      0      0      0
      0   -175      0      0      0      0   -186   -188   -190   -193
   -194   -196   -198   -199      0      0      0      0      0      0
      0      0      0      0      0      0      0      0      0      0
      0      0      0      0      0      0      0      0      0      0
      0      0      0      0      0      0      0      0      0      0
      0      0      0      0      0      0      0      0      0      0
      0      0      0      0      0      0      0      0      0      0
      0      0      0      0      0      0      0      0      0      0
      0      0      0      0      0      0   -188   -190   -192   -194
   -195   -197   -198   -199   -200      0      0      0      0      0
      0      0      0      0      0      0      0      0      0      0
      0      0      0      0      0      0      0      0      0      0
      0      0      0      0      0      0      0      0      0      0
      0      0      0      0      0      0      0      0      0      0
      0      0      0      0      0      0      0      0      0      0
      0      0      0      0      0      0      0      0      0      0
      0      0      0      0      0      0      0      0   -193   -195
   -196   -197   -198   -199   -200      0      0      0      0      0
      0      0      0      0      0      0      0      0      0      0
      0      0      0      0      0      0      0      0      0      0
      0      0      0      0      0      0      0      0      0      0
      0      0      0      0      0      0      0      0      0      0
      0      0      0      0      0      0      0      0      0      0
      0      0      0      0      0      0      0      0      0      0
      0      0      0      0      0      0      0      0      0      0
      0      0      0   -199   -199   -199   -200   -200      0      0
      0      0      0      0      0      0      0      0      0      0
      0      0      0      0      0      0      0      0      0      0
      0      0      0      0      0      0      0      0      0      0
      0      0      0      0      0      0      0      0      0      0
      0      0      0      0      0      0      0      0      0      0
      0      0      0      0      0      0      0      0      0      0
      0      0      0      0      0      0      0      0      0      0
      0      0      0   -199   -199   -199   -199   -199   -199   -199
      0      0      0      0      0      0      0      0      0      0
      0      0      0      0      0      0      0      0      0      0
      0      0      0      0      0      0      0      0      0      0
      0      0      0      0      0      0      0      0      0      0
      0      0      0      0      0      0      0      0      0      0
      0      0      0      0      0      0      0      0      0      0
      0      0      0      0      0      0      0      0      0      0
      0      0      0   -199   -199   -198   -198   -198   -198   -198
      0      0      0      0      0      0      0      0      0      0
      0      0      0      0      0      0      0      0      0      0
      0      0      0      0      0      0      0      0      0      0
      0      0      0      0      0      0      0      0      0      0
      0      0      0      0      0      0      0      0      0      0
      0      0      0      0      0      0      0      0      0      0
      0      0      0      0      0      0      0      0      0      0
      0      0      0   -199   -199   -198   -198   -198   -198   -197
      0      0      0      0      0      0      0      0      0      0
      0      0      0      0      0      0      0      0      0      0
      0      0      0      0      0      0      0      0      0      0
      0      0      0      0      0      0      0      0      0      0
      0      0      0      0      0      0      0      0      0      0
      0      0      0      0      0      0      0      0      0      0
      0      0      0      0      0      0      0      0      0      0
      0      0      0      0      0   -198   -198   -198   -197   -197
   -197   -197   -197      0      0      0      0      0      0      0
      0      0      0      0      0      0      0      0      0      0
      0      0      0      0      0      0      0      0      0      0
      0      0      0      0      0      0      0      0      0      0
      0      0      0      0      0      0      0      0      0      0
      0      0      0      0      0      0      0      0      0      0
      0      0      0      0      0      0      0      0      0      0
      0      0      0      0      0      0      0   -198   -198   -197
   -197   -197      0      0      0      0      0      0      0      0
      0      0      0      0      0      0      0      0      0      0
      0      0      0      0      0      0      0      0      0      0
      0      0      0      0      0      0      0      0      0      0
      0      0      0      0      0      0      0      0      0      0
      0      0      0      0      0      0      0      0      0      0
      0      0      0      0      0      0      0      0      0      0
      0      0      0      0      0      0      0      0      0      0
      0      0      0      0      0      0      0      0      0      0
      0      0      0      0      0      0      0      0      0      0
      0      0      0      0      0      0      0      0      0      0
      0      0      0      0      0      0      0      0      0      0
      0      0      0      0      0      0      0      0      0      0
      0      0      0      0      0      0      0      0      0      0
      0      0      0      0      0      0      0      0      0      0
      0      0      0      0      0      0      0      0      0      0
      0      0      0      0      0      0      0      0      0      0
      0      0      0      0      0      0      0      0      0      0
      0      0      0      0      0      0      0      0      0      0
      0      0      0      0      0      0      0      0      0      0
      0      0      0      0      0      0      0      0      0      0
      0      0      0      0      0      0      0      0      0      0
      0      0      0      0      0      0      0      0      0      0
      0      0      0      0      0      0      0      0      0      0
      0      0      0      0      0      0      0      0      0      0
      0      0      0      0      0      0      0      0      0      0
      0      0      0      0      0      0      0      0      0      0
      0      0      0      0      0      0      0      0      0      0
      0      0      0      0      0      0      0      0      0      0
      0      0      0      0      0      0      0      0      0      0
      0      0      0      0      0      0      0      0      0      0
      0      0      0      0      0      0      0      0      0      0
      0      0      0      0      0      0      0      0      0      0
      0      0      0      0      0      0      0      0      0      0
      0      0      0      0      0      0      0      0      0      0
