HALF SPACE GREENS FUNCTION 22 KM DEPTH
9 1 4 98 0.0250 0.9950 0.0100 F
 -2.339690e-08 -9.219130e-09 -5.291460e-14  1.066320e-11  1.160954e-13  1.228843e-13  2.336340e-08 -4.034819e-13 -6.144798e-14
 -2.138010e-08 -8.454600e-09 -4.849780e-14  7.025790e-12  1.486543e-13  1.664446e-13  2.133640e-08 -5.387701e-13 -1.152274e-13
 -1.999440e-08 -7.743170e-09 -4.531290e-14  4.950630e-12  1.703468e-13  2.061586e-13  1.994110e-08 -6.549626e-13 -1.808455e-13
 -1.907750e-08 -7.177250e-09 -4.307420e-14  3.655360e-12  1.798694e-13  2.411684e-13  1.901500e-08 -7.488642e-13 -2.540374e-13
 -1.846970e-08 -6.782760e-09 -4.148400e-14  2.823460e-12  1.770557e-13  2.709552e-13  1.839830e-08 -8.191483e-13 -3.304663e-13
 -1.809690e-08 -6.541720e-09 -4.039780e-14  2.282030e-12  1.626921e-13  2.952793e-13  1.801670e-08 -8.660360e-13 -4.061092e-13
 -1.780850e-08 -6.417260e-09 -3.952340e-14  1.922750e-12  1.382875e-13  3.141417e-13  1.771990e-08 -8.909826e-13 -4.775440e-13
 -1.764180e-08 -6.370960e-09 -3.893320e-14  1.676070e-12  1.058132e-13  3.277411e-13  1.754490e-08 -8.963288e-13 -5.421175e-13
 -1.767490e-08 -6.369080e-09 -3.877200e-14  1.497800e-12  6.745146e-14  3.364277e-13  1.756970e-08 -8.849529e-13 -5.979995e-13
 -1.769210e-08 -6.391440e-09 -3.861740e-14  1.362930e-12  2.538033e-14  3.406567e-13  1.757880e-08 -8.599583e-13 -6.441450e-13
 -1.771340e-08 -6.426160e-09 -3.850090e-14  1.256290e-12 -1.838868e-14  3.409458e-13  1.759220e-08 -8.244228e-13 -6.801930e-13
 -1.772490e-08 -6.454040e-09 -3.838610e-14  1.164960e-12 -6.211533e-14  3.378384e-13  1.759590e-08 -7.812166e-13 -7.063321e-13
 -1.773360e-08 -6.484660e-09 -3.829120e-14  1.088850e-12 -1.043840e-13  3.318748e-13  1.759690e-08 -7.328871e-13 -7.231564e-13
 -1.773930e-08 -6.518040e-09 -3.821620e-14  1.025010e-12 -1.441150e-13  3.235703e-13  1.759530e-08 -6.816022e-13 -7.315304e-13
 -1.774100e-08 -6.545590e-09 -3.814470e-14  9.681870e-13 -1.805469e-13  3.134014e-13  1.758960e-08 -6.291363e-13 -7.324716e-13
 -1.773770e-08 -6.561570e-09 -3.806590e-14  9.152580e-13 -2.131995e-13  3.017969e-13  1.757910e-08 -5.768880e-13 -7.270576e-13
 -1.773050e-08 -6.572660e-09 -3.799240e-14  8.676960e-13 -2.418286e-13  2.891339e-13  1.756480e-08 -5.259165e-13 -7.163566e-13
 -1.771930e-08 -6.578880e-09 -3.792440e-14  8.246760e-13 -2.663782e-13  2.757379e-13  1.754660e-08 -4.769872e-13 -7.013788e-13
 -1.770720e-08 -6.582510e-09 -3.785970e-14  7.856210e-13 -2.869348e-13  2.618845e-13  1.752750e-08 -4.306208e-13 -6.830474e-13
 -1.769610e-08 -6.585080e-09 -3.779730e-14  7.500310e-13 -3.036875e-13  2.478033e-13  1.750960e-08 -3.871399e-13 -6.621822e-13
 -1.768380e-08 -6.584800e-09 -3.773860e-14  7.173810e-13 -3.168939e-13  2.336823e-13  1.749050e-08 -3.467120e-13 -6.394944e-13
 -1.767020e-08 -6.581690e-09 -3.768350e-14  6.872970e-13 -3.268526e-13  2.196728e-13  1.747030e-08 -3.093865e-13 -6.155886e-13
 -1.765530e-08 -6.575730e-09 -3.763210e-14  6.594670e-13 -3.338820e-13  2.058943e-13  1.744880e-08 -2.751254e-13 -5.909691e-13
 -1.763970e-08 -6.569770e-09 -3.758120e-14  6.339860e-13 -3.383040e-13  1.924390e-13  1.742680e-08 -2.438291e-13 -5.660492e-13
 -1.762390e-08 -6.565360e-09 -3.752890e-14  6.107850e-13 -3.404331e-13  1.793764e-13  1.740460e-08 -2.153563e-13 -5.411618e-13
 -1.760730e-08 -6.560170e-09 -3.747800e-14  5.893330e-13 -3.405682e-13  1.667566e-13  1.738170e-08 -1.895397e-13 -5.165695e-13
 -1.758990e-08 -6.554210e-09 -3.742840e-14  5.694480e-13 -3.389879e-13  1.546142e-13  1.735800e-08 -1.661978e-13 -4.924755e-13
 -1.757160e-08 -6.547470e-09 -3.738010e-14  5.509730e-13 -3.359476e-13  1.429710e-13  1.733360e-08 -1.451436e-13 -4.690329e-13
 -1.755260e-08 -6.540890e-09 -3.733070e-14  5.336460e-13 -3.316788e-13  1.318385e-13  1.730840e-08 -1.261911e-13 -4.463529e-13
 -1.753270e-08 -6.534960e-09 -3.727870e-14  5.172940e-13 -3.263886e-13  1.212199e-13  1.728250e-08 -1.091598e-13 -4.245129e-13
 -1.751200e-08 -6.528940e-09 -3.722620e-14  5.019200e-13 -3.202611e-13  1.111121e-13  1.725580e-08 -9.387722e-14 -4.035625e-13
 -1.749050e-08 -6.522820e-09 -3.717320e-14  4.874360e-13 -3.134581e-13  1.015070e-13  1.722840e-08 -8.018127e-14 -3.835293e-13
 -1.746820e-08 -6.516600e-09 -3.711970e-14  4.737660e-13 -3.061212e-13  9.239272e-14  1.720020e-08 -6.792082e-14 -3.644233e-13
 -1.744500e-08 -6.510280e-09 -3.706570e-14  4.608390e-13 -2.983733e-13  8.375475e-14  1.717120e-08 -5.695629e-14 -3.462410e-13
 -1.742110e-08 -6.503860e-09 -3.701120e-14  4.485960e-13 -2.903205e-13  7.557650e-14  1.714150e-08 -4.715955e-14 -3.289686e-13
 -1.739630e-08 -6.497340e-09 -3.695620e-14  4.369810e-13 -2.820540e-13  6.784008e-14  1.711110e-08 -3.841361e-14 -3.125842e-13
 -1.737080e-08 -6.490720e-09 -3.690070e-14  4.259460e-13 -2.736514e-13  6.052682e-14  1.707990e-08 -3.061212e-14 -2.970606e-13
 -1.734440e-08 -6.484000e-09 -3.684470e-14  4.154440e-13 -2.651786e-13  5.361763e-14  1.704800e-08 -2.365870e-14 -2.823661e-13
 -1.731820e-08 -6.477720e-09 -3.678870e-14  4.055260e-13 -2.566912e-13  4.709334e-14  1.701630e-08 -1.746627e-14 -2.684669e-13
 -1.729270e-08 -6.472020e-09 -3.673260e-14  3.961700e-13 -2.482356e-13  4.093496e-14  1.698530e-08 -1.195632e-14 -2.553273e-13
 -1.726670e-08 -6.466430e-09 -3.667630e-14  3.872640e-13 -2.398503e-13  3.512381e-14  1.695390e-08 -7.058171e-15 -2.429110e-13
 -1.724040e-08 -6.460940e-09 -3.661960e-14  3.787760e-13 -2.315673e-13  2.964173e-14  1.692210e-08 -2.708314e-15 -2.311815e-13
 -1.721360e-08 -6.455560e-09 -3.656250e-14  3.706810e-13 -2.234124e-13  2.447113e-14  1.689000e-08  1.150272e-15 -2.201029e-13
 -1.718650e-08 -6.450270e-09 -3.650510e-14  3.629520e-13 -2.154065e-13  1.959508e-14  1.685760e-08  4.568737e-15 -2.096398e-13
 -1.715890e-08 -6.445100e-09 -3.644740e-14  3.555590e-13 -2.075659e-13  1.499734e-14  1.682480e-08  7.592937e-15 -1.997581e-13
 -1.713090e-08 -6.440020e-09 -3.638930e-14  3.484890e-13 -1.999035e-13  1.066240e-14  1.679160e-08  1.026396e-14 -1.904249e-13
 -1.710260e-08 -6.435050e-09 -3.633090e-14  3.417170e-13 -1.924290e-13  6.575504e-15  1.675810e-08  1.261862e-14 -1.816086e-13
 -1.707380e-08 -6.430190e-09 -3.627210e-14  3.352260e-13 -1.851491e-13  2.722607e-15  1.672430e-08  1.468988e-14 -1.732790e-13
 -1.704450e-08 -6.425320e-09 -3.621200e-14  3.289460e-13 -1.780687e-13 -9.095950e-16  1.669000e-08  1.650727e-14 -1.654075e-13
 -1.701470e-08 -6.420430e-09 -3.615020e-14  3.228460e-13 -1.711905e-13 -4.333699e-15  1.665520e-08  1.809723e-14 -1.579670e-13
 -1.698450e-08 -6.415600e-09 -3.608780e-14  3.169630e-13 -1.645156e-13 -7.561610e-15  1.661990e-08  1.948346e-14 -1.509316e-13
 -1.695390e-08 -6.410830e-09 -3.602450e-14  3.112870e-13 -1.580439e-13 -1.060457e-14  1.658430e-08  2.068718e-14 -1.442772e-13
 -1.692280e-08 -6.406130e-09 -3.596060e-14  3.058060e-13 -1.517741e-13 -1.347319e-14  1.654830e-08  2.172740e-14 -1.379809e-13
 -1.689120e-08 -6.401500e-09 -3.589590e-14  3.005150e-13 -1.457040e-13 -1.617745e-14  1.651190e-08  2.262117e-14 -1.320212e-13
 -1.685920e-08 -6.396920e-09 -3.583060e-14  2.953950e-13 -1.398308e-13 -1.872678e-14  1.647510e-08  2.338378e-14 -1.263780e-13
 -1.682680e-08 -6.392420e-09 -3.576440e-14  2.904420e-13 -1.341510e-13 -2.113002e-14  1.643780e-08  2.402892e-14 -1.210322e-13
 -1.679400e-08 -6.387970e-09 -3.569760e-14  2.856450e-13 -1.286605e-13 -2.339553e-14  1.640020e-08  2.456891e-14 -1.159661e-13
 -1.676070e-08 -6.383590e-09 -3.563000e-14  2.810000e-13 -1.233551e-13 -2.553114e-14  1.636220e-08  2.501476e-14 -1.111630e-13
 -1.672740e-08 -6.379090e-09 -3.556230e-14  2.766200e-13 -1.182302e-13 -2.754423e-14  1.632420e-08  2.537640e-14 -1.066073e-13
 -1.669410e-08 -6.374400e-09 -3.549450e-14  2.725290e-13 -1.132809e-13 -2.944174e-14  1.628620e-08  2.566271e-14 -1.022842e-13
 -1.666050e-08 -6.369710e-09 -3.542620e-14  2.686050e-13 -1.085023e-13 -3.123020e-14  1.624800e-08  2.588169e-14 -9.818018e-14
 -1.662660e-08 -6.365010e-09 -3.535740e-14  2.648370e-13 -1.038894e-13 -3.291572e-14  1.620950e-08  2.604053e-14 -9.428229e-14
 -1.659250e-08 -6.360300e-09 -3.528800e-14  2.612200e-13 -9.943711e-14 -3.450408e-14  1.617080e-08  2.614568e-14 -9.057854e-14
 -1.655810e-08 -6.355580e-09 -3.521820e-14  2.577470e-13 -9.514033e-14 -3.600070e-14  1.613180e-08  2.620294e-14 -8.705767e-14
 -1.652330e-08 -6.350850e-09 -3.514780e-14  2.544100e-13 -9.099402e-14 -3.741069e-14  1.609260e-08  2.621755e-14 -8.370911e-14
 -1.648830e-08 -6.346110e-09 -3.507690e-14  2.512050e-13 -8.699318e-14 -3.873882e-14  1.605310e-08  2.619420e-14 -8.052302e-14
 -1.645300e-08 -6.341370e-09 -3.500550e-14  2.481260e-13 -8.313288e-14 -3.998962e-14  1.601330e-08  2.613712e-14 -7.749012e-14
 -1.641740e-08 -6.336620e-09 -3.493360e-14  2.451660e-13 -7.940826e-14 -4.116733e-14  1.597330e-08  2.605012e-14 -7.460177e-14
 -1.638170e-08 -6.331680e-09 -3.486150e-14  2.420730e-13 -7.581460e-14 -4.227595e-14  1.593330e-08  2.593663e-14 -7.184983e-14
 -1.634600e-08 -6.326490e-09 -3.478920e-14  2.387780e-13 -7.234725e-14 -4.331922e-14  1.589320e-08  2.579973e-14 -6.922671e-14
 -1.631010e-08 -6.321230e-09 -3.471650e-14  2.355130e-13 -6.900170e-14 -4.430069e-14  1.585290e-08  2.564220e-14 -6.672527e-14
 -1.627400e-08 -6.315880e-09 -3.464350e-14  2.322770e-13 -6.577355e-14 -4.522369e-14  1.581250e-08  2.546655e-14 -6.433882e-14
 -1.623760e-08 -6.310460e-09 -3.457000e-14  2.290630e-13 -6.265855e-14 -4.609135e-14  1.577190e-08  2.527504e-14 -6.206109e-14
 -1.620110e-08 -6.304970e-09 -3.449610e-14  2.258780e-13 -5.965256e-14 -4.690664e-14  1.573110e-08  2.506968e-14 -5.988619e-14
 -1.616440e-08 -6.299390e-09 -3.442180e-14  2.227150e-13 -5.675158e-14 -4.767235e-14  1.569010e-08  2.485232e-14 -5.780859e-14
 -1.612740e-08 -6.293740e-09 -3.434710e-14  2.195780e-13 -5.395173e-14 -4.839109e-14  1.564900e-08  2.462460e-14 -5.582310e-14
 -1.609020e-08 -6.288010e-09 -3.427200e-14  2.164610e-13 -5.124928e-14 -4.906534e-14  1.560760e-08  2.438801e-14 -5.392485e-14
 -1.605290e-08 -6.282200e-09 -3.419650e-14  2.133640e-13 -4.864061e-14 -4.969744e-14  1.556610e-08  2.414387e-14 -5.210926e-14
 -1.601540e-08 -6.276390e-09 -3.412090e-14  2.105310e-13 -4.612225e-14 -5.028960e-14  1.552460e-08  2.389340e-14 -5.037202e-14
 -1.597800e-08 -6.270610e-09 -3.404520e-14  2.080120e-13 -4.369084e-14 -5.084390e-14  1.548300e-08  2.363766e-14 -4.870907e-14
 -1.594040e-08 -6.264780e-09 -3.396910e-14  2.055880e-13 -4.134314e-14 -5.136229e-14  1.544140e-08  2.337764e-14 -4.711661e-14
 -1.590260e-08 -6.258910e-09 -3.389280e-14  2.032540e-13 -3.907605e-14 -5.184664e-14  1.539960e-08  2.311420e-14 -4.559106e-14
 -1.586470e-08 -6.252980e-09 -3.381620e-14  2.010100e-13 -3.688656e-14 -5.229870e-14  1.535760e-08  2.284813e-14 -4.412902e-14
 -1.582660e-08 -6.247010e-09 -3.373930e-14  1.988510e-13 -3.477179e-14 -5.272011e-14  1.531560e-08  2.258014e-14 -4.272733e-14
 -1.578840e-08 -6.240990e-09 -3.366200e-14  1.967730e-13 -3.272897e-14 -5.311246e-14  1.527340e-08  2.231085e-14 -4.138298e-14
 -1.575000e-08 -6.234930e-09 -3.358450e-14  1.947760e-13 -3.075544e-14 -5.347721e-14  1.523110e-08  2.204083e-14 -4.009315e-14
 -1.571150e-08 -6.228810e-09 -3.350660e-14  1.928550e-13 -2.884863e-14 -5.381577e-14  1.518870e-08  2.177059e-14 -3.885516e-14
 -1.567280e-08 -6.222650e-09 -3.342850e-14  1.910080e-13 -2.700608e-14 -5.412946e-14  1.514620e-08  2.150057e-14 -3.766651e-14
 -1.563410e-08 -6.216310e-09 -3.335030e-14  1.890750e-13 -2.522542e-14 -5.441954e-14  1.510360e-08  2.123118e-14 -3.652483e-14
 -1.559560e-08 -6.209740e-09 -3.327230e-14  1.870140e-13 -2.350439e-14 -5.468719e-14  1.506120e-08  2.096278e-14 -3.542785e-14
 -1.555690e-08 -6.203060e-09 -3.319410e-14  1.849690e-13 -2.184079e-14 -5.493354e-14  1.501870e-08  2.069568e-14 -3.437348e-14
 -1.551820e-08 -6.196290e-09 -3.311580e-14  1.829390e-13 -2.023253e-14 -5.515965e-14  1.497620e-08  2.043017e-14 -3.335970e-14
 -1.547940e-08 -6.189420e-09 -3.303720e-14  1.809230e-13 -1.867759e-14 -5.536652e-14  1.493350e-08  2.016649e-14 -3.238463e-14
 -1.544050e-08 -6.182450e-09 -3.295850e-14  1.789220e-13 -1.717404e-14 -5.555512e-14  1.489080e-08  1.990488e-14 -3.144647e-14
 -1.540160e-08 -6.175380e-09 -3.287960e-14  1.769330e-13 -1.572002e-14 -5.572635e-14  1.484810e-08  1.964551e-14 -3.054352e-14
 -1.536250e-08 -6.168210e-09 -3.280050e-14  1.749610e-13 -1.431375e-14 -5.588107e-14  1.480530e-08  1.938856e-14 -2.967419e-14
 -1.532340e-08 -6.160940e-09 -3.272130e-14  1.730010e-13 -1.295350e-14 -5.602010e-14  1.476240e-08  1.913418e-14 -2.883696e-14
 -1.528420e-08 -6.153570e-09 -3.264180e-14  1.710500e-13 -1.163763e-14 -5.614421e-14  1.471940e-08  1.888249e-14 -2.803037e-14
9 2 4 90 1.0500 9.9500 0.1000 F
 -1.506940e-07 -6.111960e-08 -3.220620e-13  1.618630e-12 -5.129823e-14 -5.663352e-13  1.448450e-07  1.756356e-13 -2.410263e-13
 -1.467750e-07 -6.030130e-08 -3.140990e-13  1.477780e-12  4.115111e-14 -5.665580e-13  1.405760e-07  1.538191e-13 -1.860698e-13
 -1.428860e-07 -5.941690e-08 -3.061680e-13  1.359410e-12  1.084588e-13 -5.601515e-13  1.363530e-07  1.351254e-13 -1.464826e-13
 -1.390880e-07 -5.848420e-08 -2.983790e-13  1.252320e-12  1.577489e-13 -5.497847e-13  1.322330e-07  1.192323e-13 -1.172896e-13
 -1.353490e-07 -5.749430e-08 -2.906770e-13  1.157050e-12  1.939431e-13 -5.371270e-13  1.281870e-07  1.057344e-13 -9.531511e-14
 -1.316720e-07 -5.644720e-08 -2.830610e-13  1.071320e-12  2.204955e-13 -5.232368e-13  1.242160e-07  9.424382e-14 -7.847254e-14
 -1.281050e-07 -5.538540e-08 -2.756370e-13  9.950870e-13  2.398672e-13 -5.087904e-13  1.203650e-07  8.442273e-14 -6.535508e-14
 -1.246820e-07 -5.433700e-08 -2.684710e-13  9.278050e-13  2.538372e-13 -4.942209e-13  1.166640e-07  7.598790e-14 -5.499216e-14
 -1.213640e-07 -5.326910e-08 -2.614840e-13  8.668320e-13  2.637085e-13 -4.798041e-13  1.130790e-07  6.870615e-14 -4.670016e-14
 -1.181510e-07 -5.218180e-08 -2.546770e-13  8.111970e-13  2.704470e-13 -4.657131e-13  1.096090e-07  6.238696e-14 -3.998854e-14
 -1.150560e-07 -5.110330e-08 -2.480820e-13  7.606370e-13  2.747768e-13 -4.520529e-13  1.062620e-07  5.687488e-14 -3.449936e-14
 -1.120870e-07 -5.005250e-08 -2.417210e-13  7.147770e-13  2.772458e-13 -4.388835e-13  1.030450e-07  5.204290e-14 -2.996738e-14
 -1.092340e-07 -4.900750e-08 -2.355700e-13  6.726170e-13  2.782728e-13 -4.262348e-13  9.995100e-08  4.778695e-14 -2.619335e-14
 -1.064980e-07 -4.796820e-08 -2.296270e-13  6.336870e-13  2.781801e-13 -4.141169e-13  9.697970e-08  4.402141e-14 -2.302562e-14
 -1.038770e-07 -4.693470e-08 -2.238920e-13  5.975940e-13  2.772179e-13 -4.025268e-13  9.413120e-08  4.067548e-14 -2.034749e-14
 -1.013570e-07 -4.591940e-08 -2.183480e-13  5.642920e-13  2.755813e-13 -3.914528e-13  9.138680e-08  3.769034e-14 -1.806810e-14
 -9.892870e-08 -4.492920e-08 -2.129820e-13  5.336210e-13  2.734238e-13 -3.808782e-13  8.873630e-08  3.501689e-14 -1.611610e-14
 -9.660510e-08 -4.395400e-08 -2.078100e-13  5.050710e-13  2.708663e-13 -3.707827e-13  8.619500e-08  3.261394e-14 -1.443487e-14
 -9.438630e-08 -4.299350e-08 -2.028340e-13  4.784200e-13  2.680045e-13 -3.611447e-13  8.376290e-08  3.044674e-14 -1.297912e-14
 -9.227230e-08 -4.204800e-08 -1.980520e-13  4.534730e-13  2.649149e-13 -3.519417e-13  8.144010e-08  2.848587e-14 -1.171236e-14
 -9.023700e-08 -4.112280e-08 -1.934230e-13  4.302570e-13  2.616582e-13 -3.431513e-13  7.919790e-08  2.670627e-14 -1.060493e-14
 -8.826620e-08 -4.022110e-08 -1.889250e-13  4.087080e-13  2.582830e-13 -3.347513e-13  7.702090e-08  2.508654e-14 -9.632595e-15
 -8.638130e-08 -3.933830e-08 -1.845910e-13  3.885230e-13  2.548283e-13 -3.267204e-13  7.493240e-08  2.360830e-14 -8.775391e-15
 -8.458210e-08 -3.847440e-08 -1.804220e-13  3.695840e-13  2.513252e-13 -3.190381e-13  7.293240e-08  2.225570e-14 -8.016796e-15
 -8.286880e-08 -3.762950e-08 -1.764170e-13  3.517770e-13  2.477987e-13 -3.116850e-13  7.102080e-08  2.101504e-14 -7.343046e-15
 -8.124130e-08 -3.680340e-08 -1.725770e-13  3.350100e-13  2.442688e-13 -3.046426e-13  6.919770e-08  1.987440e-14 -6.742618e-15
 -7.969970e-08 -3.599620e-08 -1.689010e-13  3.191960e-13  2.407514e-13 -2.978935e-13  6.746310e-08  1.882340e-14 -6.205816e-15
 -7.824380e-08 -3.520800e-08 -1.653900e-13  3.042590e-13  2.372591e-13 -2.914214e-13  6.581690e-08  1.785296e-14 -5.724439e-15
 -7.687380e-08 -3.443860e-08 -1.620430e-13  2.901310e-13  2.338021e-13 -2.852107e-13  6.425930e-08  1.695512e-14 -5.291523e-15
 -7.558950e-08 -3.368820e-08 -1.588610e-13  2.767510e-13  2.303882e-13 -2.792472e-13  6.279010e-08  1.612286e-14 -4.901125e-15
 -7.433170e-08 -3.295920e-08 -1.557380e-13  2.641960e-13  2.270234e-13 -2.735172e-13  6.134690e-08  1.534999e-14 -4.548157e-15
 -7.308320e-08 -3.225220e-08 -1.526420e-13  2.524410e-13  2.237124e-13 -2.680082e-13  5.991200e-08  1.463102e-14 -4.228243e-15
 -7.189790e-08 -3.156510e-08 -1.496720e-13  2.413190e-13  2.204588e-13 -2.627082e-13  5.854180e-08  1.396109e-14 -3.937605e-15
 -7.077580e-08 -3.089790e-08 -1.468250e-13  2.307840e-13  2.172650e-13 -2.576062e-13  5.723620e-08  1.333585e-14 -3.672973e-15
 -6.971690e-08 -3.025050e-08 -1.441020e-13  2.207980e-13  2.141327e-13 -2.526919e-13  5.599540e-08  1.275145e-14 -3.431505e-15
 -6.872110e-08 -2.962290e-08 -1.415040e-13  2.113220e-13  2.110632e-13 -2.479554e-13  5.481920e-08  1.220442e-14 -3.210722e-15
 -6.778850e-08 -2.901520e-08 -1.390300e-13  2.023260e-13  2.080570e-13 -2.433876e-13  5.370770e-08  1.169165e-14 -3.008458e-15
 -6.691900e-08 -2.842740e-08 -1.366800e-13  1.937780e-13  2.051142e-13 -2.389801e-13  5.266080e-08  1.121036e-14 -2.822813e-15
 -6.611260e-08 -2.785940e-08 -1.344540e-13  1.856500e-13  2.022346e-13 -2.347249e-13  5.167870e-08  1.075803e-14 -2.652116e-15
 -6.536940e-08 -2.731130e-08 -1.323520e-13  1.779190e-13  1.994179e-13 -2.306143e-13  5.076110e-08  1.033239e-14 -2.494893e-15
 -6.463160e-08 -2.677790e-08 -1.302680e-13  1.706370e-13  1.966634e-13 -2.266415e-13  4.984890e-08  9.931400e-15 -2.349841e-15
 -6.388270e-08 -2.625780e-08 -1.281740e-13  1.638040e-13  1.939701e-13 -2.227997e-13  4.892490e-08  9.553190e-15 -2.215806e-15
 -6.317500e-08 -2.575570e-08 -1.261630e-13  1.573220e-13  1.913371e-13 -2.190828e-13  4.804290e-08  9.196076e-15 -2.091762e-15
 -6.250840e-08 -2.527140e-08 -1.242360e-13  1.511750e-13  1.887633e-13 -2.154849e-13  4.720300e-08  8.858524e-15 -1.976796e-15
 -6.188290e-08 -2.480510e-08 -1.223930e-13  1.453400e-13  1.862475e-13 -2.120005e-13  4.640500e-08  8.539135e-15 -1.870093e-15
 -6.129860e-08 -2.435670e-08 -1.206330e-13  1.398040e-13  1.837885e-13 -2.086245e-13  4.564910e-08  8.236634e-15 -1.770924e-15
 -6.075540e-08 -2.392620e-08 -1.189580e-13  1.345480e-13  1.813850e-13 -2.053520e-13  4.493520e-08  7.949854e-15 -1.678636e-15
 -6.025340e-08 -2.351350e-08 -1.173660e-13  1.295600e-13  1.790357e-13 -2.021784e-13  4.426330e-08  7.677728e-15 -1.592644e-15
 -5.979250e-08 -2.311880e-08 -1.158590e-13  1.248250e-13  1.767393e-13 -1.990993e-13  4.363340e-08  7.419277e-15 -1.512419e-15
 -5.937260e-08 -2.274200e-08 -1.144350e-13  1.203310e-13  1.744944e-13 -1.961107e-13  4.304550e-08  7.173602e-15 -1.437486e-15
 -5.895250e-08 -2.237220e-08 -1.130160e-13  1.160530e-13  1.722997e-13 -1.932087e-13  4.245760e-08  6.939878e-15 -1.367416e-15
 -5.852020e-08 -2.200620e-08 -1.115810e-13  1.119790e-13  1.701539e-13 -1.903896e-13  4.185760e-08  6.717344e-15 -1.301822e-15
 -5.811330e-08 -2.165390e-08 -1.101980e-13  1.081090e-13  1.680557e-13 -1.876500e-13  4.128360e-08  6.505298e-15 -1.240352e-15
 -5.773160e-08 -2.131540e-08 -1.088700e-13  1.044320e-13  1.660038e-13 -1.849867e-13  4.073560e-08  6.303094e-15 -1.182686e-15
 -5.737540e-08 -2.099050e-08 -1.075960e-13  1.009390e-13  1.639969e-13 -1.823964e-13  4.021360e-08  6.110132e-15 -1.128536e-15
 -5.704440e-08 -2.067950e-08 -1.063750e-13  9.762430e-14  1.620338e-13 -1.798764e-13  3.971750e-08  5.925860e-15 -1.077637e-15
 -5.673870e-08 -2.038210e-08 -1.052080e-13  9.447680e-14  1.601133e-13 -1.774238e-13  3.924740e-08  5.749764e-15 -1.029749e-15
 -5.645840e-08 -2.009850e-08 -1.040960e-13  9.149080e-14  1.582342e-13 -1.750359e-13  3.880330e-08  5.581370e-15 -9.846537e-16
 -5.620340e-08 -1.982860e-08 -1.030370e-13  8.865810e-14  1.563953e-13 -1.727103e-13  3.838510e-08  5.420235e-15 -9.421495e-16
 -5.597360e-08 -1.957240e-08 -1.020310e-13  8.597380e-14  1.545955e-13 -1.704446e-13  3.799290e-08  5.265948e-15 -9.020534e-16
 -5.574210e-08 -1.931900e-08 -1.010280e-13  8.339600e-14  1.528337e-13 -1.682366e-13  3.759930e-08  5.118129e-15 -8.641973e-16
 -5.550100e-08 -1.906540e-08 -1.000110e-13  8.091390e-14  1.511089e-13 -1.660840e-13  3.719660e-08  4.976420e-15 -8.284270e-16
 -5.527490e-08 -1.882140e-08 -9.902830e-14  7.855110e-14  1.494200e-13 -1.639848e-13  3.680940e-08  4.840492e-15 -7.946010e-16
 -5.506380e-08 -1.858700e-08 -9.807940e-14  7.630200e-14  1.477660e-13 -1.619371e-13  3.643770e-08  4.710033e-15 -7.625889e-16
 -5.486760e-08 -1.836210e-08 -9.716450e-14  7.416270e-14  1.461459e-13 -1.599390e-13  3.608160e-08  4.584755e-15 -7.322708e-16
 -5.468640e-08 -1.814680e-08 -9.628350e-14  7.212860e-14  1.445588e-13 -1.579888e-13  3.574100e-08  4.464388e-15 -7.035363e-16
 -5.452020e-08 -1.794110e-08 -9.543650e-14  7.019600e-14  1.430037e-13 -1.560847e-13  3.541600e-08  4.348679e-15 -6.762833e-16
 -5.436890e-08 -1.774490e-08 -9.462340e-14  6.836050e-14  1.414799e-13 -1.542252e-13  3.510650e-08  4.237391e-15 -6.504175e-16
 -5.423260e-08 -1.755830e-08 -9.384420e-14  6.661950e-14  1.399863e-13 -1.524087e-13  3.481250e-08  4.130301e-15 -6.258520e-16
 -5.411130e-08 -1.738130e-08 -9.309890e-14  6.496780e-14  1.385222e-13 -1.506338e-13  3.453410e-08  4.027202e-15 -6.025060e-16
 -5.398810e-08 -1.720510e-08 -9.235350e-14  6.336760e-14  1.370868e-13 -1.488990e-13  3.425440e-08  3.927899e-15 -5.803049e-16
 -5.385820e-08 -1.702720e-08 -9.159820e-14  6.180590e-14  1.356792e-13 -1.472030e-13  3.396860e-08  3.832206e-15 -5.591793e-16
 -5.373690e-08 -1.685560e-08 -9.086380e-14  6.031350e-14  1.342988e-13 -1.455445e-13  3.369190e-08  3.739952e-15 -5.390650e-16
 -5.362420e-08 -1.669010e-08 -9.015030e-14  5.888760e-14  1.329448e-13 -1.439223e-13  3.342440e-08  3.650975e-15 -5.199021e-16
 -5.352000e-08 -1.653090e-08 -8.945780e-14  5.752640e-14  1.316165e-13 -1.423353e-13  3.316600e-08  3.565120e-15 -5.016351e-16
 -5.342440e-08 -1.637790e-08 -8.878620e-14  5.622700e-14  1.303131e-13 -1.407822e-13  3.291670e-08  3.482244e-15 -4.842124e-16
 -5.333730e-08 -1.623120e-08 -8.813550e-14  5.498740e-14  1.290341e-13 -1.392621e-13  3.267650e-08  3.402210e-15 -4.675856e-16
 -5.325870e-08 -1.609060e-08 -8.750570e-14  5.380580e-14  1.277788e-13 -1.377739e-13  3.244540e-08  3.324891e-15 -4.517099e-16
 -5.318870e-08 -1.595630e-08 -8.689690e-14  5.267990e-14  1.265466e-13 -1.363166e-13  3.222350e-08  3.250165e-15 -4.365434e-16
 -5.312720e-08 -1.582830e-08 -8.630900e-14  5.160820e-14  1.253368e-13 -1.348892e-13  3.201070e-08  3.177917e-15 -4.220470e-16
 -5.306490e-08 -1.570000e-08 -8.572250e-14  5.056090e-14  1.241489e-13 -1.334908e-13  3.179760e-08  3.108040e-15 -4.081839e-16
 -5.299910e-08 -1.556980e-08 -8.513210e-14  4.952860e-14  1.229823e-13 -1.321206e-13  3.158160e-08  3.040431e-15 -3.949202e-16
 -5.293820e-08 -1.544340e-08 -8.455520e-14  4.853650e-14  1.218364e-13 -1.307778e-13  3.137110e-08  2.974992e-15 -3.822237e-16
 -5.288230e-08 -1.532080e-08 -8.399180e-14  4.758310e-14  1.207109e-13 -1.294614e-13  3.116610e-08  2.911632e-15 -3.700644e-16
 -5.283140e-08 -1.520190e-08 -8.344190e-14  4.666610e-14  1.196050e-13 -1.281708e-13  3.096670e-08  2.850265e-15 -3.584143e-16
 -5.278540e-08 -1.508690e-08 -8.290560e-14  4.578670e-14  1.185183e-13 -1.269051e-13  3.077290e-08  2.790807e-15 -3.472469e-16
 -5.274440e-08 -1.497560e-08 -8.238270e-14  4.494090e-14  1.174504e-13 -1.256638e-13  3.058450e-08  2.733180e-15 -3.365377e-16
 -5.270840e-08 -1.486820e-08 -8.187340e-14  4.412960e-14  1.164008e-13 -1.244460e-13  3.040170e-08  2.677309e-15 -3.262632e-16
 -5.267730e-08 -1.476450e-08 -8.137760e-14  4.335140e-14  1.153690e-13 -1.232511e-13  3.022450e-08  2.623125e-15 -3.164018e-16
 -5.265110e-08 -1.466460e-08 -8.089530e-14  4.260430e-14  1.143546e-13 -1.220785e-13  3.005280e-08  2.570560e-15 -3.069328e-16
9 3 4 160 10.2500 89.7500 0.5000 C
 -2.628190e-07 -7.178850e-08 -3.972370e-13  2.023090e-13  0.000000e+00  0.000000e+00  1.476620e-07  0.000000e+00  0.000000e+00
 -2.622900e-07 -6.937950e-08 -3.858930e-13  1.865420e-13  0.000000e+00  0.000000e+00  1.435840e-07  0.000000e+00  0.000000e+00
 -2.620700e-07 -6.720390e-08 -3.755810e-13  1.732950e-13  0.000000e+00  0.000000e+00  1.398900e-07  0.000000e+00  0.000000e+00
 -2.621600e-07 -6.526150e-08 -3.663010e-13  1.622470e-13  0.000000e+00  0.000000e+00  1.365810e-07  0.000000e+00  0.000000e+00
 -2.622980e-07 -6.334140e-08 -3.574400e-13  1.524680e-13  0.000000e+00  0.000000e+00  1.333960e-07  0.000000e+00  0.000000e+00
 -2.623100e-07 -6.130360e-08 -3.485940e-13  1.433840e-13  0.000000e+00  0.000000e+00  1.301650e-07  0.000000e+00  0.000000e+00
 -2.623990e-07 -5.931180e-08 -3.402360e-13  1.353920e-13  0.000000e+00  0.000000e+00  1.270870e-07  0.000000e+00  0.000000e+00
 -2.625640e-07 -5.736610e-08 -3.323670e-13  1.283730e-13  0.000000e+00  0.000000e+00  1.241640e-07  0.000000e+00  0.000000e+00
 -2.628060e-07 -5.546660e-08 -3.249850e-13  1.222230e-13  0.000000e+00  0.000000e+00  1.213950e-07  0.000000e+00  0.000000e+00
 -2.631250e-07 -5.361330e-08 -3.180910e-13  1.168550e-13  0.000000e+00  0.000000e+00  1.187800e-07  0.000000e+00  0.000000e+00
 -2.635200e-07 -5.180620e-08 -3.116830e-13  1.121890e-13  0.000000e+00  0.000000e+00  1.163190e-07  0.000000e+00  0.000000e+00
 -2.639920e-07 -5.004530e-08 -3.057620e-13  1.081610e-13  0.000000e+00  0.000000e+00  1.140110e-07  0.000000e+00  0.000000e+00
 -2.643130e-07 -4.814540e-08 -2.997040e-13  1.042600e-13  0.000000e+00  0.000000e+00  1.116330e-07  0.000000e+00  0.000000e+00
 -2.644040e-07 -4.604150e-08 -2.932890e-13  1.003220e-13  0.000000e+00  0.000000e+00  1.091080e-07  0.000000e+00  0.000000e+00
 -2.644660e-07 -4.389740e-08 -2.870680e-13  9.672390e-14  0.000000e+00  0.000000e+00  1.066310e-07  0.000000e+00  0.000000e+00
 -2.644970e-07 -4.171320e-08 -2.810400e-13  9.343620e-14  0.000000e+00  0.000000e+00  1.042030e-07  0.000000e+00  0.000000e+00
 -2.644990e-07 -3.948920e-08 -2.752060e-13  9.043370e-14  0.000000e+00  0.000000e+00  1.018240e-07  0.000000e+00  0.000000e+00
 -2.644710e-07 -3.722560e-08 -2.695650e-13  8.769300e-14  0.000000e+00  0.000000e+00  9.949470e-08  0.000000e+00  0.000000e+00
 -2.644130e-07 -3.492270e-08 -2.641180e-13  8.519450e-14  0.000000e+00  0.000000e+00  9.721410e-08  0.000000e+00  0.000000e+00
 -2.643250e-07 -3.258060e-08 -2.588650e-13  8.291860e-14  0.000000e+00  0.000000e+00  9.498260e-08  0.000000e+00  0.000000e+00
 -2.641250e-07 -3.015190e-08 -2.535400e-13  8.071360e-14  0.000000e+00  0.000000e+00  9.271840e-08  0.000000e+00  0.000000e+00
 -2.637840e-07 -2.762030e-08 -2.480530e-13  7.852740e-14  0.000000e+00  0.000000e+00  9.039280e-08  0.000000e+00  0.000000e+00
 -2.633750e-07 -2.502800e-08 -2.426360e-13  7.647350e-14  0.000000e+00  0.000000e+00  8.807810e-08  0.000000e+00  0.000000e+00
 -2.628980e-07 -2.237540e-08 -2.372890e-13  7.454170e-14  0.000000e+00  0.000000e+00  8.577450e-08  0.000000e+00  0.000000e+00
 -2.623530e-07 -1.966280e-08 -2.320130e-13  7.272450e-14  0.000000e+00  0.000000e+00  8.348210e-08  0.000000e+00  0.000000e+00
 -2.617410e-07 -1.689050e-08 -2.268070e-13  7.101360e-14  0.000000e+00  0.000000e+00  8.120110e-08  0.000000e+00  0.000000e+00
 -2.610610e-07 -1.405870e-08 -2.216710e-13  6.940330e-14  0.000000e+00  0.000000e+00  7.893140e-08  0.000000e+00  0.000000e+00
 -2.603140e-07 -1.116800e-08 -2.166060e-13  6.788580e-14  0.000000e+00  0.000000e+00  7.667330e-08  0.000000e+00  0.000000e+00
 -2.595000e-07 -8.218460e-09 -2.116120e-13  6.645570e-14  0.000000e+00  0.000000e+00  7.442680e-08  0.000000e+00  0.000000e+00
 -2.586200e-07 -5.210580e-09 -2.066880e-13  6.510870e-14  0.000000e+00  0.000000e+00  7.219200e-08  0.000000e+00  0.000000e+00
 -2.576550e-07 -2.145380e-09 -2.017560e-13  6.376800e-14  0.000000e+00  0.000000e+00  6.994950e-08  0.000000e+00  0.000000e+00
 -2.566020e-07  9.765600e-10 -1.967940e-13  6.241420e-14  0.000000e+00  0.000000e+00  6.769400e-08  0.000000e+00  0.000000e+00
 -2.554760e-07  4.155540e-09 -1.918740e-13  6.110990e-14  0.000000e+00  0.000000e+00  6.544310e-08  0.000000e+00  0.000000e+00
 -2.542780e-07  7.391180e-09 -1.869940e-13  5.985130e-14  0.000000e+00  0.000000e+00  6.319710e-08  0.000000e+00  0.000000e+00
 -2.530070e-07  1.068310e-08 -1.821570e-13  5.863650e-14  0.000000e+00  0.000000e+00  6.095600e-08  0.000000e+00  0.000000e+00
 -2.516650e-07  1.403090e-08 -1.773610e-13  5.746320e-14  0.000000e+00  0.000000e+00  5.871990e-08  0.000000e+00  0.000000e+00
 -2.502510e-07  1.743420e-08 -1.726070e-13  5.632870e-14  0.000000e+00  0.000000e+00  5.648910e-08  0.000000e+00  0.000000e+00
 -2.487660e-07  2.089260e-08 -1.678960e-13  5.523150e-14  0.000000e+00  0.000000e+00  5.426350e-08  0.000000e+00  0.000000e+00
 -2.472090e-07  2.440570e-08 -1.632270e-13  5.416920e-14  0.000000e+00  0.000000e+00  5.204340e-08  0.000000e+00  0.000000e+00
 -2.455830e-07  2.797300e-08 -1.586000e-13  5.314050e-14  0.000000e+00  0.000000e+00  4.982870e-08  0.000000e+00  0.000000e+00
 -2.439170e-07  3.156220e-08 -1.540180e-13  5.210340e-14  0.000000e+00  0.000000e+00  4.764040e-08  0.000000e+00  0.000000e+00
 -2.422200e-07  3.516370e-08 -1.494810e-13  5.104690e-14  0.000000e+00  0.000000e+00  4.548430e-08  0.000000e+00  0.000000e+00
 -2.404650e-07  3.880620e-08 -1.449880e-13  5.000700e-14  0.000000e+00  0.000000e+00  4.334190e-08  0.000000e+00  0.000000e+00
 -2.386520e-07  4.248920e-08 -1.405390e-13  4.898300e-14  0.000000e+00  0.000000e+00  4.121310e-08  0.000000e+00  0.000000e+00
 -2.367820e-07  4.621250e-08 -1.361340e-13  4.797460e-14  0.000000e+00  0.000000e+00  3.909820e-08  0.000000e+00  0.000000e+00
 -2.348540e-07  4.997560e-08 -1.317730e-13  4.698090e-14  0.000000e+00  0.000000e+00  3.699710e-08  0.000000e+00  0.000000e+00
 -2.328700e-07  5.377800e-08 -1.274560e-13  4.600170e-14  0.000000e+00  0.000000e+00  3.491000e-08  0.000000e+00  0.000000e+00
 -2.308290e-07  5.761950e-08 -1.231830e-13  4.503560e-14  0.000000e+00  0.000000e+00  3.283690e-08  0.000000e+00  0.000000e+00
 -2.287320e-07  6.149940e-08 -1.189540e-13  4.408340e-14  0.000000e+00  0.000000e+00  3.077790e-08  0.000000e+00  0.000000e+00
 -2.265790e-07  6.541750e-08 -1.147700e-13  4.314280e-14  0.000000e+00  0.000000e+00  2.873320e-08  0.000000e+00  0.000000e+00
 -2.243700e-07  6.937330e-08 -1.106300e-13  4.221500e-14  0.000000e+00  0.000000e+00  2.670270e-08  0.000000e+00  0.000000e+00
 -2.221060e-07  7.336630e-08 -1.065350e-13  4.129820e-14  0.000000e+00  0.000000e+00  2.468660e-08  0.000000e+00  0.000000e+00
 -2.197880e-07  7.739620e-08 -1.024840e-13  4.039290e-14  0.000000e+00  0.000000e+00  2.268480e-08  0.000000e+00  0.000000e+00
 -2.174140e-07  8.146240e-08 -9.847820e-14  3.949830e-14  0.000000e+00  0.000000e+00  2.069760e-08  0.000000e+00  0.000000e+00
 -2.149870e-07  8.556460e-08 -9.451700e-14  3.861380e-14  0.000000e+00  0.000000e+00  1.872500e-08  0.000000e+00  0.000000e+00
 -2.125060e-07  8.970220e-08 -9.060070e-14  3.773990e-14  0.000000e+00  0.000000e+00  1.676700e-08  0.000000e+00  0.000000e+00
 -2.099710e-07  9.387480e-08 -8.672940e-14  3.687540e-14  0.000000e+00  0.000000e+00  1.482370e-08  0.000000e+00  0.000000e+00
 -2.073830e-07  9.808200e-08 -8.290290e-14  3.602020e-14  0.000000e+00  0.000000e+00  1.289520e-08  0.000000e+00  0.000000e+00
 -2.047430e-07  1.023230e-07 -7.912160e-14  3.517410e-14  0.000000e+00  0.000000e+00  1.098150e-08  0.000000e+00  0.000000e+00
 -2.020510e-07  1.065980e-07 -7.538520e-14  3.433670e-14  0.000000e+00  0.000000e+00  9.082790e-09  0.000000e+00  0.000000e+00
 -1.994160e-07  1.108030e-07 -7.177500e-14  3.347590e-14  0.000000e+00  0.000000e+00  7.269640e-09  0.000000e+00  0.000000e+00
 -1.968540e-07  1.149240e-07 -6.830260e-14  3.258820e-14  0.000000e+00  0.000000e+00  5.552120e-09  0.000000e+00  0.000000e+00
 -1.942610e-07  1.190580e-07 -6.489050e-14  3.170410e-14  0.000000e+00  0.000000e+00  3.862940e-09  0.000000e+00  0.000000e+00
 -1.916390e-07  1.232050e-07 -6.153870e-14  3.082390e-14  0.000000e+00  0.000000e+00  2.202080e-09  0.000000e+00  0.000000e+00
 -1.889860e-07  1.273630e-07 -5.824720e-14  2.994710e-14  0.000000e+00  0.000000e+00  5.695250e-10  0.000000e+00  0.000000e+00
 -1.863040e-07  1.315340e-07 -5.501590e-14  2.907410e-14  0.000000e+00  0.000000e+00 -1.034740e-09  0.000000e+00  0.000000e+00
 -1.835930e-07  1.357150e-07 -5.184470e-14  2.820430e-14  0.000000e+00  0.000000e+00 -2.610750e-09  0.000000e+00  0.000000e+00
 -1.808520e-07  1.399080e-07 -4.873350e-14  2.733840e-14  0.000000e+00  0.000000e+00 -4.158520e-09  0.000000e+00  0.000000e+00
 -1.780830e-07  1.441110e-07 -4.568220e-14  2.647590e-14  0.000000e+00  0.000000e+00 -5.678090e-09  0.000000e+00  0.000000e+00
 -1.752860e-07  1.483240e-07 -4.269090e-14  2.561650e-14  0.000000e+00  0.000000e+00 -7.169490e-09  0.000000e+00  0.000000e+00
 -1.724600e-07  1.525480e-07 -3.975920e-14  2.476010e-14  0.000000e+00  0.000000e+00 -8.632760e-09  0.000000e+00  0.000000e+00
 -1.696070e-07  1.567800e-07 -3.688720e-14  2.390780e-14  0.000000e+00  0.000000e+00 -1.006790e-08  0.000000e+00  0.000000e+00
 -1.667270e-07  1.610210e-07 -3.407470e-14  2.305850e-14  0.000000e+00  0.000000e+00 -1.147510e-08  0.000000e+00  0.000000e+00
 -1.638190e-07  1.652710e-07 -3.132160e-14  2.221240e-14  0.000000e+00  0.000000e+00 -1.285420e-08  0.000000e+00  0.000000e+00
 -1.608850e-07  1.695290e-07 -2.862780e-14  2.136990e-14  0.000000e+00  0.000000e+00 -1.420530e-08  0.000000e+00  0.000000e+00
 -1.579250e-07  1.737950e-07 -2.599310e-14  2.053030e-14  0.000000e+00  0.000000e+00 -1.552850e-08  0.000000e+00  0.000000e+00
 -1.549390e-07  1.780680e-07 -2.341740e-14  1.969410e-14  0.000000e+00  0.000000e+00 -1.682390e-08  0.000000e+00  0.000000e+00
 -1.519270e-07  1.823470e-07 -2.090060e-14  1.886140e-14  0.000000e+00  0.000000e+00 -1.809150e-08  0.000000e+00  0.000000e+00
 -1.488890e-07  1.866340e-07 -1.844250e-14  1.803160e-14  0.000000e+00  0.000000e+00 -1.933130e-08  0.000000e+00  0.000000e+00
 -1.458270e-07  1.909260e-07 -1.604300e-14  1.720510e-14  0.000000e+00  0.000000e+00 -2.054340e-08  0.000000e+00  0.000000e+00
 -1.428510e-07  1.950750e-07 -1.376980e-14  1.640550e-14  0.000000e+00  0.000000e+00 -2.167080e-08  0.000000e+00  0.000000e+00
 -1.399750e-07  1.990600e-07 -1.163220e-14  1.563560e-14  0.000000e+00  0.000000e+00 -2.270540e-08  0.000000e+00  0.000000e+00
 -1.370960e-07  2.030230e-07 -9.565340e-15  1.487230e-14  0.000000e+00  0.000000e+00 -2.370190e-08  0.000000e+00  0.000000e+00
 -1.342140e-07  2.069620e-07 -7.568830e-15  1.411580e-14  0.000000e+00  0.000000e+00 -2.466050e-08  0.000000e+00  0.000000e+00
 -1.313290e-07  2.108790e-07 -5.642420e-15  1.336530e-14  0.000000e+00  0.000000e+00 -2.558130e-08  0.000000e+00  0.000000e+00
 -1.284410e-07  2.147710e-07 -3.785830e-15  1.262110e-14  0.000000e+00  0.000000e+00 -2.646450e-08  0.000000e+00  0.000000e+00
 -1.255500e-07  2.186400e-07 -1.998750e-15  1.188320e-14  0.000000e+00  0.000000e+00 -2.731020e-08  0.000000e+00  0.000000e+00
 -1.226580e-07  2.224850e-07 -2.808850e-16  1.115130e-14  0.000000e+00  0.000000e+00 -2.811860e-08  0.000000e+00  0.000000e+00
 -1.197630e-07  2.263060e-07  1.368060e-15  1.042520e-14  0.000000e+00  0.000000e+00 -2.888990e-08  0.000000e+00  0.000000e+00
 -1.168660e-07  2.301020e-07  2.948420e-15  9.705070e-15  0.000000e+00  0.000000e+00 -2.962420e-08  0.000000e+00  0.000000e+00
 -1.139680e-07  2.338740e-07  4.460500e-15  8.990720e-15  0.000000e+00  0.000000e+00 -3.032170e-08  0.000000e+00  0.000000e+00
 -1.110690e-07  2.376210e-07  5.904620e-15  8.281970e-15  0.000000e+00  0.000000e+00 -3.098260e-08  0.000000e+00  0.000000e+00
 -1.081680e-07  2.413420e-07  7.281150e-15  7.578790e-15  0.000000e+00  0.000000e+00 -3.160710e-08  0.000000e+00  0.000000e+00
 -1.052660e-07  2.450380e-07  8.590420e-15  6.881230e-15  0.000000e+00  0.000000e+00 -3.219530e-08  0.000000e+00  0.000000e+00
 -1.023640e-07  2.487090e-07  9.832770e-15  6.188960e-15  0.000000e+00  0.000000e+00 -3.274750e-08  0.000000e+00  0.000000e+00
 -9.946150e-08  2.523540e-07  1.100860e-14  5.502210e-15  0.000000e+00  0.000000e+00 -3.326390e-08  0.000000e+00  0.000000e+00
 -9.655870e-08  2.559730e-07  1.211820e-14  4.820680e-15  0.000000e+00  0.000000e+00 -3.374460e-08  0.000000e+00  0.000000e+00
 -9.365590e-08  2.595650e-07  1.316200e-14  4.144390e-15  0.000000e+00  0.000000e+00 -3.418990e-08  0.000000e+00  0.000000e+00
 -9.075350e-08  2.631310e-07  1.414040e-14  3.473250e-15  0.000000e+00  0.000000e+00 -3.459990e-08  0.000000e+00  0.000000e+00
 -8.785150e-08  2.666700e-07  1.505370e-14  2.807230e-15  0.000000e+00  0.000000e+00 -3.497490e-08  0.000000e+00  0.000000e+00
 -8.500050e-08  2.700590e-07  1.591650e-14  2.187880e-15  0.000000e+00  0.000000e+00 -3.531270e-08  0.000000e+00  0.000000e+00
 -8.220740e-08  2.732790e-07  1.673100e-14  1.619840e-15  0.000000e+00  0.000000e+00 -3.561310e-08  0.000000e+00  0.000000e+00
 -7.942480e-08  2.764500e-07  1.748440e-14  1.062990e-15  0.000000e+00  0.000000e+00 -3.587880e-08  0.000000e+00  0.000000e+00
 -7.665280e-08  2.795700e-07  1.817680e-14  5.170360e-16  0.000000e+00  0.000000e+00 -3.610980e-08  0.000000e+00  0.000000e+00
 -7.389150e-08  2.826400e-07  1.880880e-14 -1.823910e-17  0.000000e+00  0.000000e+00 -3.630650e-08  0.000000e+00  0.000000e+00
 -7.114120e-08  2.856600e-07  1.938070e-14 -5.430650e-16  0.000000e+00  0.000000e+00 -3.646910e-08  0.000000e+00  0.000000e+00
 -6.840190e-08  2.886300e-07  1.989300e-14 -1.057670e-15  0.000000e+00  0.000000e+00 -3.659790e-08  0.000000e+00  0.000000e+00
 -6.567380e-08  2.915500e-07  2.034600e-14 -1.562280e-15  0.000000e+00  0.000000e+00 -3.669290e-08  0.000000e+00  0.000000e+00
 -6.295710e-08  2.944200e-07  2.074030e-14 -2.057110e-15  0.000000e+00  0.000000e+00 -3.675470e-08  0.000000e+00  0.000000e+00
 -6.025190e-08  2.972400e-07  2.107610e-14 -2.542330e-15  0.000000e+00  0.000000e+00 -3.678320e-08  0.000000e+00  0.000000e+00
 -5.755850e-08  3.000100e-07  2.135400e-14 -3.018090e-15  0.000000e+00  0.000000e+00 -3.677890e-08  0.000000e+00  0.000000e+00
 -5.487690e-08  3.027300e-07  2.157440e-14 -3.484720e-15  0.000000e+00  0.000000e+00 -3.674200e-08  0.000000e+00  0.000000e+00
 -5.220730e-08  3.053990e-07  2.173780e-14 -3.942310e-15  0.000000e+00  0.000000e+00 -3.667280e-08  0.000000e+00  0.000000e+00
 -4.954990e-08  3.080190e-07  2.184460e-14 -4.391110e-15  0.000000e+00  0.000000e+00 -3.657140e-08  0.000000e+00  0.000000e+00
 -4.690480e-08  3.105890e-07  2.189520e-14 -4.831170e-15  0.000000e+00  0.000000e+00 -3.643830e-08  0.000000e+00  0.000000e+00
 -4.427220e-08  3.131080e-07  2.189020e-14 -5.262720e-15  0.000000e+00  0.000000e+00 -3.627360e-08  0.000000e+00  0.000000e+00
 -4.165220e-08  3.155780e-07  2.183000e-14 -5.685860e-15  0.000000e+00  0.000000e+00 -3.607760e-08  0.000000e+00  0.000000e+00
 -3.904500e-08  3.179980e-07  2.171520e-14 -6.101060e-15  0.000000e+00  0.000000e+00 -3.585070e-08  0.000000e+00  0.000000e+00
 -3.645070e-08  3.203680e-07  2.154610e-14 -6.507950e-15  0.000000e+00  0.000000e+00 -3.559300e-08  0.000000e+00  0.000000e+00
 -3.386960e-08  3.226880e-07  2.132330e-14 -6.907180e-15  0.000000e+00  0.000000e+00 -3.530490e-08  0.000000e+00  0.000000e+00
 -3.130800e-08  3.248810e-07  2.111560e-14 -7.275090e-15  0.000000e+00  0.000000e+00 -3.501930e-08  0.000000e+00  0.000000e+00
 -2.876700e-08  3.269350e-07  2.093290e-14 -7.609370e-15  0.000000e+00  0.000000e+00 -3.474080e-08  0.000000e+00  0.000000e+00
 -2.624070e-08  3.289260e-07  2.071040e-14 -7.932470e-15  0.000000e+00  0.000000e+00 -3.443870e-08  0.000000e+00  0.000000e+00
 -2.372930e-08  3.308530e-07  2.044830e-14 -8.244810e-15  0.000000e+00  0.000000e+00 -3.411320e-08  0.000000e+00  0.000000e+00
 -2.123280e-08  3.327170e-07  2.014720e-14 -8.546820e-15  0.000000e+00  0.000000e+00 -3.376450e-08  0.000000e+00  0.000000e+00
 -1.875150e-08  3.345180e-07  1.980750e-14 -8.838230e-15  0.000000e+00  0.000000e+00 -3.339290e-08  0.000000e+00  0.000000e+00
 -1.628540e-08  3.362560e-07  1.942940e-14 -9.119450e-15  0.000000e+00  0.000000e+00 -3.299860e-08  0.000000e+00  0.000000e+00
 -1.383470e-08  3.379320e-07  1.901350e-14 -9.391080e-15  0.000000e+00  0.000000e+00 -3.258190e-08  0.000000e+00  0.000000e+00
 -1.139960e-08  3.395450e-07  1.856010e-14 -9.652800e-15  0.000000e+00  0.000000e+00 -3.214300e-08  0.000000e+00  0.000000e+00
 -8.980050e-09  3.410960e-07  1.806960e-14 -9.905210e-15  0.000000e+00  0.000000e+00 -3.168210e-08  0.000000e+00  0.000000e+00
 -6.576370e-09  3.425850e-07  1.754250e-14 -1.014810e-14  0.000000e+00  0.000000e+00 -3.119960e-08  0.000000e+00  0.000000e+00
 -4.188610e-09  3.440120e-07  1.697920e-14 -1.038220e-14  0.000000e+00  0.000000e+00 -3.069570e-08  0.000000e+00  0.000000e+00
 -1.816950e-09  3.453780e-07  1.638010e-14 -1.060720e-14  0.000000e+00  0.000000e+00 -3.017060e-08  0.000000e+00  0.000000e+00
  5.385340e-10  3.466830e-07  1.574570e-14 -1.082380e-14  0.000000e+00  0.000000e+00 -2.962460e-08  0.000000e+00  0.000000e+00
  2.877650e-09  3.479270e-07  1.507630e-14 -1.103150e-14  0.000000e+00  0.000000e+00 -2.905800e-08  0.000000e+00  0.000000e+00
  5.200280e-09  3.491100e-07  1.437240e-14 -1.123130e-14  0.000000e+00  0.000000e+00 -2.847110e-08  0.000000e+00  0.000000e+00
  7.506340e-09  3.502330e-07  1.363450e-14 -1.142240e-14  0.000000e+00  0.000000e+00 -2.786410e-08  0.000000e+00  0.000000e+00
  9.795630e-09  3.512960e-07  1.286300e-14 -1.160550e-14  0.000000e+00  0.000000e+00 -2.723730e-08  0.000000e+00  0.000000e+00
  1.206810e-08  3.523000e-07  1.205840e-14 -1.178120e-14  0.000000e+00  0.000000e+00 -2.659090e-08  0.000000e+00  0.000000e+00
  1.432350e-08  3.532430e-07  1.122110e-14 -1.194890e-14  0.000000e+00  0.000000e+00 -2.592540e-08  0.000000e+00  0.000000e+00
  1.657250e-08  3.540910e-07  1.042740e-14 -1.209920e-14  0.000000e+00  0.000000e+00 -2.528310e-08  0.000000e+00  0.000000e+00
  1.881630e-08  3.548370e-07  9.688140e-15 -1.223060e-14  0.000000e+00  0.000000e+00 -2.467010e-08  0.000000e+00  0.000000e+00
  2.104460e-08  3.555180e-07  8.931070e-15 -1.235350e-14  0.000000e+00  0.000000e+00 -2.404620e-08  0.000000e+00  0.000000e+00
  2.325730e-08  3.561350e-07  8.156480e-15 -1.246730e-14  0.000000e+00  0.000000e+00 -2.341170e-08  0.000000e+00  0.000000e+00
  2.545410e-08  3.566870e-07  7.364700e-15 -1.257330e-14  0.000000e+00  0.000000e+00 -2.276660e-08  0.000000e+00  0.000000e+00
  2.763510e-08  3.571750e-07  6.556010e-15 -1.267060e-14  0.000000e+00  0.000000e+00 -2.211130e-08  0.000000e+00  0.000000e+00
  2.979990e-08  3.575990e-07  5.730730e-15 -1.276030e-14  0.000000e+00  0.000000e+00 -2.144580e-08  0.000000e+00  0.000000e+00
  3.194850e-08  3.579600e-07  4.889160e-15 -1.284200e-14  0.000000e+00  0.000000e+00 -2.077050e-08  0.000000e+00  0.000000e+00
  3.408070e-08  3.582590e-07  4.031600e-15 -1.291610e-14  0.000000e+00  0.000000e+00 -2.008540e-08  0.000000e+00  0.000000e+00
  3.619630e-08  3.584950e-07  3.158380e-15 -1.298220e-14  0.000000e+00  0.000000e+00 -1.939090e-08  0.000000e+00  0.000000e+00
  3.829530e-08  3.586690e-07  2.269790e-15 -1.304150e-14  0.000000e+00  0.000000e+00 -1.868700e-08  0.000000e+00  0.000000e+00
  4.037740e-08  3.587820e-07  1.366170e-15 -1.309360e-14  0.000000e+00  0.000000e+00 -1.797400e-08  0.000000e+00  0.000000e+00
  4.244250e-08  3.588340e-07  4.478370e-16 -1.313820e-14  0.000000e+00  0.000000e+00 -1.725220e-08  0.000000e+00  0.000000e+00
  4.449050e-08  3.588260e-07 -4.849120e-16 -1.317650e-14  0.000000e+00  0.000000e+00 -1.652160e-08  0.000000e+00  0.000000e+00
  4.652120e-08  3.587570e-07 -1.431720e-15 -1.320770e-14  0.000000e+00  0.000000e+00 -1.578260e-08  0.000000e+00  0.000000e+00
  4.853440e-08  3.586290e-07 -2.392300e-15 -1.323270e-14  0.000000e+00  0.000000e+00 -1.503530e-08  0.000000e+00  0.000000e+00
  5.053010e-08  3.584410e-07 -3.366290e-15 -1.325090e-14  0.000000e+00  0.000000e+00 -1.428000e-08  0.000000e+00  0.000000e+00
  5.250800e-08  3.581950e-07 -4.353380e-15 -1.326320e-14  0.000000e+00  0.000000e+00 -1.351680e-08  0.000000e+00  0.000000e+00
  5.446810e-08  3.578910e-07 -5.353240e-15 -1.326940e-14  0.000000e+00  0.000000e+00 -1.274590e-08  0.000000e+00  0.000000e+00
  5.641020e-08  3.575290e-07 -6.365520e-15 -1.326920e-14  0.000000e+00  0.000000e+00 -1.196770e-08  0.000000e+00  0.000000e+00
9 4 4 90 90.5000 179.5000 1.0000 C
  1.186120e-07  7.137100e-07 -1.556270e-14 -2.651200e-14  0.000000e+00  0.000000e+00 -2.172090e-08  0.000000e+00  0.000000e+00
  1.262380e-07  7.114790e-07 -1.918790e-14 -2.643240e-14  0.000000e+00  0.000000e+00 -1.885640e-08  0.000000e+00  0.000000e+00
  1.337250e-07  7.087890e-07 -2.281690e-14 -2.630800e-14  0.000000e+00  0.000000e+00 -1.598960e-08  0.000000e+00  0.000000e+00
  1.410720e-07  7.056490e-07 -2.644680e-14 -2.614210e-14  0.000000e+00  0.000000e+00 -1.312230e-08  0.000000e+00  0.000000e+00
  1.482760e-07  7.020680e-07 -3.007480e-14 -2.593530e-14  0.000000e+00  0.000000e+00 -1.025650e-08  0.000000e+00  0.000000e+00
  1.553340e-07  6.980530e-07 -3.369810e-14 -2.569000e-14  0.000000e+00  0.000000e+00 -7.394200e-09  0.000000e+00  0.000000e+00
  1.622440e-07  6.936160e-07 -3.731360e-14 -2.540820e-14  0.000000e+00  0.000000e+00 -4.537410e-09  0.000000e+00  0.000000e+00
  1.690030e-07  6.887650e-07 -4.091850e-14 -2.509170e-14  0.000000e+00  0.000000e+00 -1.688150e-09  0.000000e+00  0.000000e+00
  1.756080e-07  6.835090e-07 -4.450980e-14 -2.474240e-14  0.000000e+00  0.000000e+00  1.151560e-09  0.000000e+00  0.000000e+00
  1.820580e-07  6.778580e-07 -4.808460e-14 -2.436200e-14  0.000000e+00  0.000000e+00  3.979640e-09  0.000000e+00  0.000000e+00
  1.883470e-07  6.718320e-07 -5.147440e-14 -2.397630e-14  0.000000e+00  0.000000e+00  6.689650e-09  0.000000e+00  0.000000e+00
  1.944730e-07  6.654420e-07 -5.463440e-14 -2.359320e-14  0.000000e+00  0.000000e+00  9.253270e-09  0.000000e+00  0.000000e+00
  2.004360e-07  6.586910e-07 -5.771530e-14 -2.319040e-14  0.000000e+00  0.000000e+00  1.176520e-08  0.000000e+00  0.000000e+00
  2.062310e-07  6.515880e-07 -6.071600e-14 -2.276990e-14  0.000000e+00  0.000000e+00  1.422470e-08  0.000000e+00  0.000000e+00
  2.118580e-07  6.441430e-07 -6.363570e-14 -2.233210e-14  0.000000e+00  0.000000e+00  1.663100e-08  0.000000e+00  0.000000e+00
  2.173130e-07  6.363670e-07 -6.647330e-14 -2.187880e-14  0.000000e+00  0.000000e+00  1.898330e-08  0.000000e+00  0.000000e+00
  2.225950e-07  6.282700e-07 -6.922820e-14 -2.140990e-14  0.000000e+00  0.000000e+00  2.128100e-08  0.000000e+00  0.000000e+00
  2.277000e-07  6.198630e-07 -7.189920e-14 -2.092780e-14  0.000000e+00  0.000000e+00  2.352320e-08  0.000000e+00  0.000000e+00
  2.326270e-07  6.111570e-07 -7.448570e-14 -2.043210e-14  0.000000e+00  0.000000e+00  2.570920e-08  0.000000e+00  0.000000e+00
  2.373730e-07  6.021620e-07 -7.698670e-14 -1.992450e-14  0.000000e+00  0.000000e+00  2.783840e-08  0.000000e+00  0.000000e+00
  2.418960e-07  5.929260e-07 -7.930710e-14 -1.940770e-14  0.000000e+00  0.000000e+00  2.984790e-08  0.000000e+00  0.000000e+00
  2.461840e-07  5.834680e-07 -8.142320e-14 -1.888310e-14  0.000000e+00  0.000000e+00  3.172170e-08  0.000000e+00  0.000000e+00
  2.502730e-07  5.737660e-07 -8.342180e-14 -1.834960e-14  0.000000e+00  0.000000e+00  3.351710e-08  0.000000e+00  0.000000e+00
  2.541590e-07  5.638320e-07 -8.530360e-14 -1.780790e-14  0.000000e+00  0.000000e+00  3.523420e-08  0.000000e+00  0.000000e+00
  2.578420e-07  5.536750e-07 -8.706910e-14 -1.725960e-14  0.000000e+00  0.000000e+00  3.687340e-08  0.000000e+00  0.000000e+00
  2.613200e-07  5.433070e-07 -8.871900e-14 -1.670490e-14  0.000000e+00  0.000000e+00  3.843490e-08  0.000000e+00  0.000000e+00
  2.645910e-07  5.327400e-07 -9.025390e-14 -1.614480e-14  0.000000e+00  0.000000e+00  3.991900e-08  0.000000e+00  0.000000e+00
  2.676530e-07  5.219840e-07 -9.167480e-14 -1.557980e-14  0.000000e+00  0.000000e+00  4.132610e-08  0.000000e+00  0.000000e+00
  2.705060e-07  5.110510e-07 -9.298210e-14 -1.501100e-14  0.000000e+00  0.000000e+00  4.265630e-08  0.000000e+00  0.000000e+00
  2.731470e-07  4.999520e-07 -9.417680e-14 -1.443940e-14  0.000000e+00  0.000000e+00  4.391020e-08  0.000000e+00  0.000000e+00
  2.755110e-07  4.887480e-07 -9.522490e-14 -1.390230e-14  0.000000e+00  0.000000e+00  4.506020e-08  0.000000e+00  0.000000e+00
  2.775810e-07  4.774620e-07 -9.611920e-14 -1.340980e-14  0.000000e+00  0.000000e+00  4.610030e-08  0.000000e+00  0.000000e+00
  2.794160e-07  4.660600e-07 -9.689290e-14 -1.292650e-14  0.000000e+00  0.000000e+00  4.705680e-08  0.000000e+00  0.000000e+00
  2.810160e-07  4.545530e-07 -9.754750e-14 -1.245220e-14  0.000000e+00  0.000000e+00  4.793070e-08  0.000000e+00  0.000000e+00
  2.823810e-07  4.429510e-07 -9.808450e-14 -1.198770e-14  0.000000e+00  0.000000e+00  4.872280e-08  0.000000e+00  0.000000e+00
  2.835090e-07  4.312670e-07 -9.850550e-14 -1.153190e-14  0.000000e+00  0.000000e+00  4.943420e-08  0.000000e+00  0.000000e+00
  2.844020e-07  4.195100e-07 -9.881200e-14 -1.108540e-14  0.000000e+00  0.000000e+00  5.006580e-08  0.000000e+00  0.000000e+00
  2.850600e-07  4.076920e-07 -9.900580e-14 -1.064780e-14  0.000000e+00  0.000000e+00  5.061850e-08  0.000000e+00  0.000000e+00
  2.854810e-07  3.958250e-07 -9.908840e-14 -1.021890e-14  0.000000e+00  0.000000e+00  5.109350e-08  0.000000e+00  0.000000e+00
  2.856670e-07  3.839200e-07 -9.906140e-14 -9.799300e-15  0.000000e+00  0.000000e+00  5.149180e-08  0.000000e+00  0.000000e+00
  2.855470e-07  3.720380e-07 -9.891180e-14 -9.382610e-15  0.000000e+00  0.000000e+00  5.180270e-08  0.000000e+00  0.000000e+00
  2.851080e-07  3.602010e-07 -9.863790e-14 -8.967630e-15  0.000000e+00  0.000000e+00  5.202470e-08  0.000000e+00  0.000000e+00
  2.844130e-07  3.483750e-07 -9.825550e-14 -8.560150e-15  0.000000e+00  0.000000e+00  5.216990e-08  0.000000e+00  0.000000e+00
  2.834660e-07  3.365690e-07 -9.776680e-14 -8.159800e-15  0.000000e+00  0.000000e+00  5.223970e-08  0.000000e+00  0.000000e+00
  2.822660e-07  3.247940e-07 -9.717370e-14 -7.766980e-15  0.000000e+00  0.000000e+00  5.223540e-08  0.000000e+00  0.000000e+00
  2.808180e-07  3.130610e-07 -9.647860e-14 -7.382090e-15  0.000000e+00  0.000000e+00  5.215850e-08  0.000000e+00  0.000000e+00
  2.791210e-07  3.013790e-07 -9.568350e-14 -7.004550e-15  0.000000e+00  0.000000e+00  5.201040e-08  0.000000e+00  0.000000e+00
  2.771790e-07  2.897600e-07 -9.479080e-14 -6.634760e-15  0.000000e+00  0.000000e+00  5.179250e-08  0.000000e+00  0.000000e+00
  2.749920e-07  2.782140e-07 -9.380250e-14 -6.273110e-15  0.000000e+00  0.000000e+00  5.150630e-08  0.000000e+00  0.000000e+00
  2.725640e-07  2.667510e-07 -9.272110e-14 -5.919280e-15  0.000000e+00  0.000000e+00  5.115320e-08  0.000000e+00  0.000000e+00
  2.698350e-07  2.554340e-07 -9.155230e-14 -5.584890e-15  0.000000e+00  0.000000e+00  5.073460e-08  0.000000e+00  0.000000e+00
  2.667960e-07  2.442830e-07 -9.029920e-14 -5.271610e-15  0.000000e+00  0.000000e+00  5.025180e-08  0.000000e+00  0.000000e+00
  2.635060e-07  2.332600e-07 -8.896070e-14 -4.969640e-15  0.000000e+00  0.000000e+00  4.970670e-08  0.000000e+00  0.000000e+00
  2.599690e-07  2.223740e-07 -8.753920e-14 -4.678200e-15  0.000000e+00  0.000000e+00  4.910080e-08  0.000000e+00  0.000000e+00
  2.561890e-07  2.116360e-07 -8.603670e-14 -4.397320e-15  0.000000e+00  0.000000e+00  4.843560e-08  0.000000e+00  0.000000e+00
  2.521700e-07  2.010540e-07 -8.445570e-14 -4.127030e-15  0.000000e+00  0.000000e+00  4.771270e-08  0.000000e+00  0.000000e+00
  2.479160e-07  1.906370e-07 -8.279840e-14 -3.866950e-15  0.000000e+00  0.000000e+00  4.693370e-08  0.000000e+00  0.000000e+00
  2.434310e-07  1.803950e-07 -8.106710e-14 -3.616770e-15  0.000000e+00  0.000000e+00  4.610010e-08  0.000000e+00  0.000000e+00
  2.387200e-07  1.703370e-07 -7.926440e-14 -3.376500e-15  0.000000e+00  0.000000e+00  4.521370e-08  0.000000e+00  0.000000e+00
  2.337860e-07  1.604730e-07 -7.739230e-14 -3.145980e-15  0.000000e+00  0.000000e+00  4.427610e-08  0.000000e+00  0.000000e+00
  2.285900e-07  1.508550e-07 -7.545920e-14 -2.925090e-15  0.000000e+00  0.000000e+00  4.329130e-08  0.000000e+00  0.000000e+00
  2.231300e-07  1.415020e-07 -7.346840e-14 -2.714060e-15  0.000000e+00  0.000000e+00  4.226160e-08  0.000000e+00  0.000000e+00
  2.174510e-07  1.323790e-07 -7.141670e-14 -2.512250e-15  0.000000e+00  0.000000e+00  4.118610e-08  0.000000e+00  0.000000e+00
  2.115600e-07  1.234940e-07 -6.930640e-14 -2.319500e-15  0.000000e+00  0.000000e+00  4.006630e-08  0.000000e+00  0.000000e+00
  2.054620e-07  1.148540e-07 -6.713970e-14 -2.135660e-15  0.000000e+00  0.000000e+00  3.890400e-08  0.000000e+00  0.000000e+00
  1.991640e-07  1.064670e-07 -6.491890e-14 -1.960450e-15  0.000000e+00  0.000000e+00  3.770080e-08  0.000000e+00  0.000000e+00
  1.926720e-07  9.833940e-08 -6.264620e-14 -1.793860e-15  0.000000e+00  0.000000e+00  3.645810e-08  0.000000e+00  0.000000e+00
  1.859930e-07  9.048000e-08 -6.032390e-14 -1.635740e-15  0.000000e+00  0.000000e+00  3.517770e-08  0.000000e+00  0.000000e+00
  1.791320e-07  8.289550e-08 -5.795420e-14 -1.485820e-15  0.000000e+00  0.000000e+00  3.386110e-08  0.000000e+00  0.000000e+00
  1.720950e-07  7.559350e-08 -5.553950e-14 -1.343970e-15  0.000000e+00  0.000000e+00  3.251010e-08  0.000000e+00  0.000000e+00
  1.648680e-07  6.861460e-08 -5.308540e-14 -1.210020e-15  0.000000e+00  0.000000e+00  3.112780e-08  0.000000e+00  0.000000e+00
  1.574530e-07  6.197000e-08 -5.059430e-14 -1.083910e-15  0.000000e+00  0.000000e+00  2.971590e-08  0.000000e+00  0.000000e+00
  1.498790e-07  5.563360e-08 -4.806550e-14 -9.653770e-16  0.000000e+00  0.000000e+00  2.827480e-08  0.000000e+00  0.000000e+00
  1.421550e-07  4.961050e-08 -4.550120e-14 -8.543860e-16  0.000000e+00  0.000000e+00  2.680590e-08  0.000000e+00  0.000000e+00
  1.342880e-07  4.390600e-08 -4.290340e-14 -7.508110e-16  0.000000e+00  0.000000e+00  2.531090e-08  0.000000e+00  0.000000e+00
  1.262860e-07  3.852530e-08 -4.027440e-14 -6.544530e-16  0.000000e+00  0.000000e+00  2.379120e-08  0.000000e+00  0.000000e+00
  1.181570e-07  3.347370e-08 -3.761640e-14 -5.652660e-16  0.000000e+00  0.000000e+00  2.224870e-08  0.000000e+00  0.000000e+00
  1.099080e-07  2.875630e-08 -3.493140e-14 -4.830650e-16  0.000000e+00  0.000000e+00  2.068480e-08  0.000000e+00  0.000000e+00
  1.015480e-07  2.437800e-08 -3.222180e-14 -4.077370e-16  0.000000e+00  0.000000e+00  1.910120e-08  0.000000e+00  0.000000e+00
  9.308490e-08  2.034410e-08 -2.948960e-14 -3.392230e-16  0.000000e+00  0.000000e+00  1.749950e-08  0.000000e+00  0.000000e+00
  8.451890e-08  1.667720e-08 -2.673880e-14 -2.770120e-16  0.000000e+00  0.000000e+00  1.588210e-08  0.000000e+00  0.000000e+00
  7.585870e-08  1.338120e-08 -2.397160e-14 -2.210140e-16  0.000000e+00  0.000000e+00  1.425050e-08  0.000000e+00  0.000000e+00
  6.712060e-08  1.044120e-08 -2.118820e-14 -1.714660e-16  0.000000e+00  0.000000e+00  1.260560e-08  0.000000e+00  0.000000e+00
  5.831320e-08  7.859820e-09 -1.839050e-14 -1.283760e-16  0.000000e+00  0.000000e+00  1.094880e-08  0.000000e+00  0.000000e+00
  4.944580e-08  5.639700e-09 -1.558070e-14 -9.160870e-17  0.000000e+00  0.000000e+00  9.281830e-09  0.000000e+00  0.000000e+00
  4.052700e-08  3.783430e-09 -1.276080e-14 -6.113160e-17  0.000000e+00  0.000000e+00  7.606160e-09  0.000000e+00  0.000000e+00
  3.156610e-08  2.293600e-09 -9.932800e-15 -3.686010e-17  0.000000e+00  0.000000e+00  5.923390e-09  0.000000e+00  0.000000e+00
  2.257200e-08  1.172650e-09 -7.098690e-15 -1.875190e-17  0.000000e+00  0.000000e+00  4.235040e-09  0.000000e+00  0.000000e+00
  1.355350e-08  4.230210e-10 -4.260480e-15 -6.724860e-18  0.000000e+00  0.000000e+00  2.542660e-09  0.000000e+00  0.000000e+00
  4.519830e-09  4.709880e-11 -1.420270e-15 -7.465360e-19  0.000000e+00  0.000000e+00  8.478500e-10  0.000000e+00  0.000000e+00
