HALF SPACE GREENS FUNCTION 69 KM DEPTH
9 1 4 98 0.0250 0.9950 0.0100 F
 -2.339690e-08 -9.219130e-09 -5.291460e-14  1.066320e-11  1.273535e-14  1.280818e-14  2.336340e-08 -4.262804e-14 -2.063961e-15
 -2.138010e-08 -8.454600e-09 -4.849780e-14  7.025790e-12  1.756537e-14  1.776308e-14  2.133640e-08 -5.903144e-14 -4.002702e-15
 -1.999440e-08 -7.743170e-09 -4.531290e-14  4.950630e-12  2.227674e-14  2.269351e-14  1.994110e-08 -7.526816e-14 -6.564577e-15
 -1.907750e-08 -7.177250e-09 -4.307420e-14  3.655360e-12  2.681853e-14  2.757329e-14  1.901500e-08 -9.122862e-14 -9.729783e-15
 -1.846970e-08 -6.782760e-09 -4.148400e-14  2.823460e-12  3.115009e-14  3.238490e-14  1.839830e-08 -1.068337e-13 -1.347419e-14
 -1.809690e-08 -6.541720e-09 -4.039780e-14  2.282030e-12  3.523576e-14  3.711393e-14  1.801670e-08 -1.220163e-13 -1.776960e-14
 -1.780850e-08 -6.417260e-09 -3.952340e-14  1.922750e-12  3.904363e-14  4.174759e-14  1.771990e-08 -1.367168e-13 -2.258408e-14
 -1.764180e-08 -6.370960e-09 -3.893320e-14  1.676070e-12  4.254520e-14  4.627420e-14  1.754490e-08 -1.508814e-13 -2.788236e-14
 -1.767490e-08 -6.369080e-09 -3.877200e-14  1.497800e-12  4.571549e-14  5.068300e-14  1.756970e-08 -1.644619e-13 -3.362631e-14
 -1.769210e-08 -6.391440e-09 -3.861740e-14  1.362930e-12  4.853300e-14  5.496413e-14  1.757880e-08 -1.774152e-13 -3.977536e-14
 -1.771340e-08 -6.426160e-09 -3.850090e-14  1.256290e-12  5.097985e-14  5.910859e-14  1.759220e-08 -1.897040e-13 -4.628697e-14
 -1.772490e-08 -6.454040e-09 -3.838610e-14  1.164960e-12  5.304181e-14  6.310822e-14  1.759590e-08 -2.012963e-13 -5.311716e-14
 -1.773360e-08 -6.484660e-09 -3.829120e-14  1.088850e-12  5.470827e-14  6.695578e-14  1.759690e-08 -2.121656e-13 -6.022099e-14
 -1.773930e-08 -6.518040e-09 -3.821620e-14  1.025010e-12  5.597225e-14  7.064486e-14  1.759530e-08 -2.222909e-13 -6.755298e-14
 -1.774100e-08 -6.545590e-09 -3.814470e-14  9.681870e-13  5.683030e-14  7.416996e-14  1.758960e-08 -2.316564e-13 -7.506762e-14
 -1.773770e-08 -6.561570e-09 -3.806590e-14  9.152580e-13  5.728235e-14  7.752645e-14  1.757910e-08 -2.402517e-13 -8.271982e-14
 -1.773050e-08 -6.572660e-09 -3.799240e-14  8.676960e-13  5.733160e-14  8.071055e-14  1.756480e-08 -2.480716e-13 -9.046525e-14
 -1.771930e-08 -6.578880e-09 -3.792440e-14  8.246760e-13  5.698431e-14  8.371934e-14  1.754660e-08 -2.551156e-13 -9.826077e-14
 -1.770720e-08 -6.582510e-09 -3.785970e-14  7.856210e-13  5.624955e-14  8.655073e-14  1.752750e-08 -2.613876e-13 -1.060648e-13
 -1.769610e-08 -6.585080e-09 -3.779730e-14  7.500310e-13  5.513902e-14  8.920341e-14  1.750960e-08 -2.668962e-13 -1.138374e-13
 -1.768380e-08 -6.584800e-09 -3.773860e-14  7.173810e-13  5.366673e-14  9.167686e-14  1.749050e-08 -2.716535e-13 -1.215410e-13
 -1.767020e-08 -6.581690e-09 -3.768350e-14  6.872970e-13  5.184878e-14  9.397125e-14  1.747030e-08 -2.756757e-13 -1.291399e-13
 -1.765530e-08 -6.575730e-09 -3.763210e-14  6.594670e-13  4.970305e-14  9.608746e-14  1.744880e-08 -2.789818e-13 -1.366014e-13
 -1.763970e-08 -6.569770e-09 -3.758120e-14  6.339860e-13  4.724894e-14  9.802702e-14  1.742680e-08 -2.815939e-13 -1.438948e-13
 -1.762390e-08 -6.565360e-09 -3.752890e-14  6.107850e-13  4.450709e-14  9.979204e-14  1.740460e-08 -2.835367e-13 -1.509925e-13
 -1.760730e-08 -6.560170e-09 -3.747800e-14  5.893330e-13  4.149909e-14  1.013852e-13  1.738170e-08 -2.848368e-13 -1.578695e-13
 -1.758990e-08 -6.554210e-09 -3.742840e-14  5.694480e-13  3.824727e-14  1.028096e-13  1.735800e-08 -2.855229e-13 -1.645035e-13
 -1.757160e-08 -6.547470e-09 -3.738010e-14  5.509730e-13  3.477439e-14  1.040689e-13  1.733360e-08 -2.856247e-13 -1.708751e-13
 -1.755260e-08 -6.540890e-09 -3.733070e-14  5.336460e-13  3.110347e-14  1.051672e-13  1.730840e-08 -2.851735e-13 -1.769674e-13
 -1.753270e-08 -6.534960e-09 -3.727870e-14  5.172940e-13  2.725753e-14  1.061087e-13  1.728250e-08 -2.842011e-13 -1.827663e-13
 -1.751200e-08 -6.528940e-09 -3.722620e-14  5.019200e-13  2.325940e-14  1.068982e-13  1.725580e-08 -2.827398e-13 -1.882603e-13
 -1.749050e-08 -6.522820e-09 -3.717320e-14  4.874360e-13  1.913157e-14  1.075406e-13  1.722840e-08 -2.808221e-13 -1.934401e-13
 -1.746820e-08 -6.516600e-09 -3.711970e-14  4.737660e-13  1.489599e-14  1.080411e-13  1.720020e-08 -2.784807e-13 -1.982990e-13
 -1.744500e-08 -6.510280e-09 -3.706570e-14  4.608390e-13  1.057398e-14  1.084050e-13  1.717120e-08 -2.757477e-13 -2.028324e-13
 -1.742110e-08 -6.503860e-09 -3.701120e-14  4.485960e-13  6.186060e-15  1.086378e-13  1.714150e-08 -2.726551e-13 -2.070376e-13
 -1.739630e-08 -6.497340e-09 -3.695620e-14  4.369810e-13  1.751895e-15  1.087450e-13  1.711110e-08 -2.692340e-13 -2.109140e-13
 -1.737080e-08 -6.490720e-09 -3.690070e-14  4.259460e-13 -2.709810e-15  1.087324e-13  1.707990e-08 -2.655149e-13 -2.144628e-13
 -1.734440e-08 -6.484000e-09 -3.684470e-14  4.154440e-13 -7.181370e-15  1.086054e-13  1.704800e-08 -2.615272e-13 -2.176865e-13
 -1.731820e-08 -6.477720e-09 -3.678870e-14  4.055260e-13 -1.164617e-14  1.083700e-13  1.701630e-08 -2.572993e-13 -2.205893e-13
 -1.729270e-08 -6.472020e-09 -3.673260e-14  3.961700e-13 -1.608868e-14  1.080316e-13  1.698530e-08 -2.528588e-13 -2.231767e-13
 -1.726670e-08 -6.466430e-09 -3.667630e-14  3.872640e-13 -2.049450e-14  1.075959e-13  1.695390e-08 -2.482316e-13 -2.254550e-13
 -1.724040e-08 -6.460940e-09 -3.661960e-14  3.787760e-13 -2.485037e-14  1.070684e-13  1.692210e-08 -2.434427e-13 -2.274320e-13
 -1.721360e-08 -6.455560e-09 -3.656250e-14  3.706810e-13 -2.914412e-14  1.064546e-13  1.689000e-08 -2.385157e-13 -2.291160e-13
 -1.718650e-08 -6.450270e-09 -3.650510e-14  3.629520e-13 -3.336471e-14  1.057598e-13  1.685760e-08 -2.334730e-13 -2.305160e-13
 -1.715890e-08 -6.445100e-09 -3.644740e-14  3.555590e-13 -3.750218e-14  1.049893e-13  1.682480e-08 -2.283355e-13 -2.316420e-13
 -1.713090e-08 -6.440020e-09 -3.638930e-14  3.484890e-13 -4.154763e-14  1.041480e-13  1.679160e-08 -2.231231e-13 -2.325040e-13
 -1.710260e-08 -6.435050e-09 -3.633090e-14  3.417170e-13 -4.549317e-14  1.032411e-13  1.675810e-08 -2.178539e-13 -2.331127e-13
 -1.707380e-08 -6.430190e-09 -3.627210e-14  3.352260e-13 -4.933191e-14  1.022732e-13  1.672430e-08 -2.125453e-13 -2.334790e-13
 -1.704450e-08 -6.425320e-09 -3.621200e-14  3.289460e-13 -5.305788e-14  1.012490e-13  1.669000e-08 -2.072130e-13 -2.336140e-13
 -1.701470e-08 -6.420430e-09 -3.615020e-14  3.228460e-13 -5.666602e-14  1.001730e-13  1.665520e-08 -2.018717e-13 -2.335289e-13
 -1.698450e-08 -6.415600e-09 -3.608780e-14  3.169630e-13 -6.015209e-14  9.904944e-14  1.661990e-08 -1.965348e-13 -2.332350e-13
 -1.695390e-08 -6.410830e-09 -3.602450e-14  3.112870e-13 -6.351265e-14  9.788249e-14  1.658430e-08 -1.912148e-13 -2.327433e-13
 -1.692280e-08 -6.406130e-09 -3.596060e-14  3.058060e-13 -6.674501e-14  9.667610e-14  1.654830e-08 -1.859227e-13 -2.320652e-13
 -1.689120e-08 -6.401500e-09 -3.589590e-14  3.005150e-13 -6.984716e-14  9.543406e-14  1.651190e-08 -1.806689e-13 -2.312116e-13
 -1.685920e-08 -6.396920e-09 -3.583060e-14  2.953950e-13 -7.281772e-14  9.415997e-14  1.647510e-08 -1.754626e-13 -2.301932e-13
 -1.682680e-08 -6.392420e-09 -3.576440e-14  2.904420e-13 -7.565591e-14  9.285728e-14  1.643780e-08 -1.703119e-13 -2.290208e-13
 -1.679400e-08 -6.387970e-09 -3.569760e-14  2.856450e-13 -7.836149e-14  9.152925e-14  1.640020e-08 -1.652244e-13 -2.277046e-13
 -1.676070e-08 -6.383590e-09 -3.563000e-14  2.810000e-13 -8.093471e-14  9.017900e-14  1.636220e-08 -1.602066e-13 -2.262546e-13
 -1.672740e-08 -6.379090e-09 -3.556230e-14  2.766200e-13 -8.337627e-14  8.880946e-14  1.632420e-08 -1.552641e-13 -2.246807e-13
 -1.669410e-08 -6.374400e-09 -3.549450e-14  2.725290e-13 -8.568726e-14  8.742342e-14  1.628620e-08 -1.504022e-13 -2.229923e-13
 -1.666050e-08 -6.369710e-09 -3.542620e-14  2.686050e-13 -8.786914e-14  8.602350e-14  1.624800e-08 -1.456251e-13 -2.211984e-13
 -1.662660e-08 -6.365010e-09 -3.535740e-14  2.648370e-13 -8.992369e-14  8.461218e-14  1.620950e-08 -1.409365e-13 -2.193077e-13
 -1.659250e-08 -6.360300e-09 -3.528800e-14  2.612200e-13 -9.185298e-14  8.319179e-14  1.617080e-08 -1.363397e-13 -2.173287e-13
 -1.655810e-08 -6.355580e-09 -3.521820e-14  2.577470e-13 -9.365932e-14  8.176452e-14  1.613180e-08 -1.318371e-13 -2.152695e-13
 -1.652330e-08 -6.350850e-09 -3.514780e-14  2.544100e-13 -9.534524e-14  8.033242e-14  1.609260e-08 -1.274309e-13 -2.131375e-13
 -1.648830e-08 -6.346110e-09 -3.507690e-14  2.512050e-13 -9.691345e-14  7.889741e-14  1.605310e-08 -1.231228e-13 -2.109402e-13
 -1.645300e-08 -6.341370e-09 -3.500550e-14  2.481260e-13 -9.836683e-14  7.746129e-14  1.601330e-08 -1.189138e-13 -2.086845e-13
 -1.641740e-08 -6.336620e-09 -3.493360e-14  2.451660e-13 -9.970839e-14  7.602574e-14  1.597330e-08 -1.148050e-13 -2.063770e-13
 -1.638170e-08 -6.331680e-09 -3.486150e-14  2.420730e-13 -1.009412e-13  7.459231e-14  1.593330e-08 -1.107966e-13 -2.040239e-13
 -1.634600e-08 -6.326490e-09 -3.478920e-14  2.387780e-13 -1.020685e-13  7.316245e-14  1.589320e-08 -1.068890e-13 -2.016312e-13
 -1.631010e-08 -6.321230e-09 -3.471650e-14  2.355130e-13 -1.030936e-13  7.173750e-14  1.585290e-08 -1.030819e-13 -1.992043e-13
 -1.627400e-08 -6.315880e-09 -3.464350e-14  2.322770e-13 -1.040196e-13  7.031872e-14  1.581250e-08 -9.937508e-14 -1.967486e-13
 -1.623760e-08 -6.310460e-09 -3.457000e-14  2.290630e-13 -1.048501e-13  6.890724e-14  1.577190e-08 -9.576779e-14 -1.942689e-13
 -1.620110e-08 -6.304970e-09 -3.449610e-14  2.258780e-13 -1.055882e-13  6.750413e-14  1.573110e-08 -9.225925e-14 -1.917700e-13
 -1.616440e-08 -6.299390e-09 -3.442180e-14  2.227150e-13 -1.062374e-13  6.611035e-14  1.569010e-08 -8.884846e-14 -1.892561e-13
 -1.612740e-08 -6.293740e-09 -3.434710e-14  2.195780e-13 -1.068010e-13  6.472681e-14  1.564900e-08 -8.553426e-14 -1.867313e-13
 -1.609020e-08 -6.288010e-09 -3.427200e-14  2.164610e-13 -1.072822e-13  6.335431e-14  1.560760e-08 -8.231533e-14 -1.841993e-13
 -1.605290e-08 -6.282200e-09 -3.419650e-14  2.133640e-13 -1.076844e-13  6.199360e-14  1.556610e-08 -7.919026e-14 -1.816638e-13
 -1.601540e-08 -6.276390e-09 -3.412090e-14  2.105310e-13 -1.080108e-13  6.064534e-14  1.552460e-08 -7.615750e-14 -1.791281e-13
 -1.597800e-08 -6.270610e-09 -3.404520e-14  2.080120e-13 -1.082646e-13  5.931015e-14  1.548300e-08 -7.321542e-14 -1.765950e-13
 -1.594040e-08 -6.264780e-09 -3.396910e-14  2.055880e-13 -1.084489e-13  5.798858e-14  1.544140e-08 -7.036233e-14 -1.740676e-13
 -1.590260e-08 -6.258910e-09 -3.389280e-14  2.032540e-13 -1.085668e-13  5.668111e-14  1.539960e-08 -6.759644e-14 -1.715483e-13
 -1.586470e-08 -6.252980e-09 -3.381620e-14  2.010100e-13 -1.086212e-13  5.538818e-14  1.535760e-08 -6.491594e-14 -1.690396e-13
 -1.582660e-08 -6.247010e-09 -3.373930e-14  1.988510e-13 -1.086151e-13  5.411019e-14  1.531560e-08 -6.231898e-14 -1.665437e-13
 -1.578840e-08 -6.240990e-09 -3.366200e-14  1.967730e-13 -1.085514e-13  5.284746e-14  1.527340e-08 -5.980365e-14 -1.640627e-13
 -1.575000e-08 -6.234930e-09 -3.358450e-14  1.947760e-13 -1.084328e-13  5.160030e-14  1.523110e-08 -5.736803e-14 -1.615983e-13
 -1.571150e-08 -6.228810e-09 -3.350660e-14  1.928550e-13 -1.082620e-13  5.036896e-14  1.518870e-08 -5.501021e-14 -1.591524e-13
 -1.567280e-08 -6.222650e-09 -3.342850e-14  1.910080e-13 -1.080417e-13  4.915365e-14  1.514620e-08 -5.272823e-14 -1.567264e-13
 -1.563410e-08 -6.216310e-09 -3.335030e-14  1.890750e-13 -1.077745e-13  4.795456e-14  1.510360e-08 -5.052017e-14 -1.543217e-13
 -1.559560e-08 -6.209740e-09 -3.327230e-14  1.870140e-13 -1.074627e-13  4.677183e-14  1.506120e-08 -4.838408e-14 -1.519396e-13
 -1.555690e-08 -6.203060e-09 -3.319410e-14  1.849690e-13 -1.071088e-13  4.560558e-14  1.501870e-08 -4.631803e-14 -1.495813e-13
 -1.551820e-08 -6.196290e-09 -3.311580e-14  1.829390e-13 -1.067151e-13  4.445588e-14  1.497620e-08 -4.432013e-14 -1.472478e-13
 -1.547940e-08 -6.189420e-09 -3.303720e-14  1.809230e-13 -1.062839e-13  4.332281e-14  1.493350e-08 -4.238847e-14 -1.449399e-13
 -1.544050e-08 -6.182450e-09 -3.295850e-14  1.789220e-13 -1.058171e-13  4.220640e-14  1.489080e-08 -4.052119e-14 -1.426585e-13
 -1.540160e-08 -6.175380e-09 -3.287960e-14  1.769330e-13 -1.053170e-13  4.110665e-14  1.484810e-08 -3.871643e-14 -1.404043e-13
 -1.536250e-08 -6.168210e-09 -3.280050e-14  1.749610e-13 -1.047855e-13  4.002356e-14  1.480530e-08 -3.697238e-14 -1.381778e-13
 -1.532340e-08 -6.160940e-09 -3.272130e-14  1.730010e-13 -1.042246e-13  3.895710e-14  1.476240e-08 -3.528725e-14 -1.359797e-13
 -1.528420e-08 -6.153570e-09 -3.264180e-14  1.710500e-13 -1.036360e-13  3.790721e-14  1.471940e-08 -3.365928e-14 -1.338103e-13
9 2 4 90 1.0500 9.9500 0.1000 F
 -1.506940e-07 -6.111960e-08 -3.220620e-13  1.618630e-12 -1.000555e-12  3.244994e-13  1.448450e-07 -2.567116e-13 -1.224978e-12
 -1.467750e-07 -6.030130e-08 -3.140990e-13  1.477780e-12 -9.217754e-13  2.368815e-13  1.405760e-07 -1.455670e-13 -1.040513e-12
 -1.428860e-07 -5.941690e-08 -3.061680e-13  1.359410e-12 -8.362282e-13  1.634982e-13  1.363530e-07 -6.818665e-14 -8.846404e-13
 -1.390880e-07 -5.848420e-08 -2.983790e-13  1.252320e-12 -7.505883e-13  1.023967e-13  1.322330e-07 -1.476681e-14 -7.541578e-13
 -1.353490e-07 -5.749430e-08 -2.906770e-13  1.157050e-12 -6.686276e-13  5.167734e-14  1.281870e-07  2.174544e-14 -6.453504e-13
 -1.316720e-07 -5.644720e-08 -2.830610e-13  1.071320e-12 -5.922780e-13  9.635588e-15  1.242160e-07  4.635118e-14 -5.546589e-13
 -1.281050e-07 -5.538540e-08 -2.756370e-13  9.950870e-13 -5.223476e-13 -2.519584e-14  1.203650e-07  6.257490e-14 -4.789403e-13
 -1.246820e-07 -5.433700e-08 -2.684710e-13  9.278050e-13 -4.589834e-13 -5.405120e-14  1.166640e-07  7.289719e-14 -4.155330e-13
 -1.213640e-07 -5.326910e-08 -2.614840e-13  8.668320e-13 -4.019619e-13 -7.795555e-14  1.130790e-07  7.906630e-14 -3.622333e-13
 -1.181510e-07 -5.218180e-08 -2.546770e-13  8.111970e-13 -3.508674e-13 -9.775444e-14  1.096090e-07  8.231779e-14 -3.172387e-13
 -1.150560e-07 -5.110330e-08 -2.480820e-13  7.606370e-13 -3.051995e-13 -1.141432e-13  1.062620e-07  8.352783e-14 -2.790838e-13
 -1.120870e-07 -5.005250e-08 -2.417210e-13  7.147770e-13 -2.644359e-13 -1.276930e-13  1.030450e-07  8.331986e-14 -2.465801e-13
 -1.092340e-07 -4.900750e-08 -2.355700e-13  6.726170e-13 -2.280680e-13 -1.388736e-13  9.995100e-08  8.213879e-14 -2.187631e-13
 -1.064980e-07 -4.796820e-08 -2.296270e-13  6.336870e-13 -1.956188e-13 -1.480721e-13  9.697970e-08  8.030289e-14 -1.948496e-13
 -1.038770e-07 -4.693470e-08 -2.238920e-13  5.975940e-13 -1.666520e-13 -1.556077e-13  9.413120e-08  7.804006e-14 -1.742010e-13
 -1.013570e-07 -4.591940e-08 -2.183480e-13  5.642920e-13 -1.407741e-13 -1.617451e-13  9.138680e-08  7.551349e-14 -1.562953e-13
 -9.892870e-08 -4.492920e-08 -2.129820e-13  5.336210e-13 -1.176339e-13 -1.667038e-13  8.873630e-08  7.283976e-14 -1.407043e-13
 -9.660510e-08 -4.395400e-08 -2.078100e-13  5.050710e-13 -9.692008e-14 -1.706668e-13  8.619500e-08  7.010182e-14 -1.270749e-13
 -9.438630e-08 -4.299350e-08 -2.028340e-13  4.784200e-13 -7.835740e-14 -1.737868e-13  8.376290e-08  6.735820e-14 -1.151151e-13
 -9.227230e-08 -4.204800e-08 -1.980520e-13  4.534730e-13 -6.170349e-14 -1.761920e-13  8.144010e-08  6.464973e-14 -1.045822e-13
 -9.023700e-08 -4.112280e-08 -1.934230e-13  4.302570e-13 -4.674506e-14 -1.779901e-13  7.919790e-08  6.200433e-14 -9.527375e-14
 -8.826620e-08 -4.022110e-08 -1.889250e-13  4.087080e-13 -3.329454e-14 -1.792719e-13  7.702090e-08  5.944054e-14 -8.701996e-14
 -8.638130e-08 -3.933830e-08 -1.845910e-13  3.885230e-13 -2.118693e-14 -1.801142e-13  7.493240e-08  5.697010e-14 -7.967810e-14
 -8.458210e-08 -3.847440e-08 -1.804220e-13  3.695840e-13 -1.027702e-14 -1.805820e-13  7.293240e-08  5.459979e-14 -7.312758e-14
 -8.286880e-08 -3.762950e-08 -1.764170e-13  3.517770e-13 -4.369219e-16 -1.807308e-13  7.102080e-08  5.233282e-14 -6.726614e-14
 -8.124130e-08 -3.680340e-08 -1.725770e-13  3.350100e-13  8.446137e-15 -1.806077e-13  6.919770e-08  5.016988e-14 -6.200673e-14
 -7.969970e-08 -3.599620e-08 -1.689010e-13  3.191960e-13  1.647173e-14 -1.802530e-13  6.746310e-08  4.810985e-14 -5.727498e-14
 -7.824380e-08 -3.520800e-08 -1.653900e-13  3.042590e-13  2.372790e-14 -1.797012e-13  6.581690e-08  4.615035e-14 -5.300716e-14
 -7.687380e-08 -3.443860e-08 -1.620430e-13  2.901310e-13  3.029259e-14 -1.789818e-13  6.425930e-08  4.428818e-14 -4.914840e-14
 -7.558950e-08 -3.368820e-08 -1.588610e-13  2.767510e-13  3.623494e-14 -1.781203e-13  6.279010e-08  4.251960e-14 -4.565138e-14
 -7.433170e-08 -3.295920e-08 -1.557380e-13  2.641960e-13  4.161636e-14 -1.771386e-13  6.134690e-08  4.084054e-14 -4.247512e-14
 -7.308320e-08 -3.225220e-08 -1.526420e-13  2.524410e-13  4.649148e-14 -1.760556e-13  5.991200e-08  3.924676e-14 -3.958402e-14
 -7.189790e-08 -3.156510e-08 -1.496720e-13  2.413190e-13  5.090898e-14 -1.748875e-13  5.854180e-08  3.773400e-14 -3.694709e-14
 -7.077580e-08 -3.089790e-08 -1.468250e-13  2.307840e-13  5.491231e-14 -1.736484e-13  5.723620e-08  3.629801e-14 -3.453723e-14
 -6.971690e-08 -3.025050e-08 -1.441020e-13  2.207980e-13  5.854032e-14 -1.723505e-13  5.599540e-08  3.493466e-14 -3.233072e-14
 -6.872110e-08 -2.962290e-08 -1.415040e-13  2.113220e-13  6.182777e-14 -1.710044e-13  5.481920e-08  3.363992e-14 -3.030674e-14
 -6.778850e-08 -2.901520e-08 -1.390300e-13  2.023260e-13  6.480585e-14 -1.696192e-13  5.370770e-08  3.240996e-14 -2.844693e-14
 -6.691900e-08 -2.842740e-08 -1.366800e-13  1.937780e-13  6.750256e-14 -1.682029e-13  5.266080e-08  3.124108e-14 -2.673511e-14
 -6.611260e-08 -2.785940e-08 -1.344540e-13  1.856500e-13  6.994310e-14 -1.667624e-13  5.167870e-08  3.012980e-14 -2.515694e-14
 -6.536940e-08 -2.731130e-08 -1.323520e-13  1.779190e-13  7.215013e-14 -1.653036e-13  5.076110e-08  2.907281e-14 -2.369972e-14
 -6.463160e-08 -2.677790e-08 -1.302680e-13  1.706370e-13  7.414412e-14 -1.638318e-13  4.984890e-08  2.806697e-14 -2.235216e-14
 -6.388270e-08 -2.625780e-08 -1.281740e-13  1.638040e-13  7.594354e-14 -1.623514e-13  4.892490e-08  2.710933e-14 -2.110419e-14
 -6.317500e-08 -2.575570e-08 -1.261630e-13  1.573220e-13  7.756511e-14 -1.608663e-13  4.804290e-08  2.619714e-14 -1.994684e-14
 -6.250840e-08 -2.527140e-08 -1.242360e-13  1.511750e-13  7.902396e-14 -1.593800e-13  4.720300e-08  2.532778e-14 -1.887207e-14
 -6.188290e-08 -2.480510e-08 -1.223930e-13  1.453400e-13  8.033381e-14 -1.578954e-13  4.640500e-08  2.449880e-14 -1.787270e-14
 -6.129860e-08 -2.435670e-08 -1.206330e-13  1.398040e-13  8.150711e-14 -1.564150e-13  4.564910e-08  2.370791e-14 -1.694225e-14
 -6.075540e-08 -2.392620e-08 -1.189580e-13  1.345480e-13  8.255519e-14 -1.549409e-13  4.493520e-08  2.295296e-14 -1.607493e-14
 -6.025340e-08 -2.351350e-08 -1.173660e-13  1.295600e-13  8.348834e-14 -1.534752e-13  4.426330e-08  2.223194e-14 -1.526548e-14
 -5.979250e-08 -2.311880e-08 -1.158590e-13  1.248250e-13  8.431594e-14 -1.520193e-13  4.363340e-08  2.154295e-14 -1.450919e-14
 -5.937260e-08 -2.274200e-08 -1.144350e-13  1.203310e-13  8.504656e-14 -1.505747e-13  4.304550e-08  2.088422e-14 -1.380179e-14
 -5.895250e-08 -2.237220e-08 -1.130160e-13  1.160530e-13  8.568800e-14 -1.491425e-13  4.245760e-08  2.025409e-14 -1.313940e-14
 -5.852020e-08 -2.200620e-08 -1.115810e-13  1.119790e-13  8.624741e-14 -1.477237e-13  4.185760e-08  1.965102e-14 -1.251852e-14
 -5.811330e-08 -2.165390e-08 -1.101980e-13  1.081090e-13  8.673131e-14 -1.463193e-13  4.128360e-08  1.907353e-14 -1.193595e-14
 -5.773160e-08 -2.131540e-08 -1.088700e-13  1.044320e-13  8.714568e-14 -1.449298e-13  4.073560e-08  1.852027e-14 -1.138881e-14
 -5.737540e-08 -2.099050e-08 -1.075960e-13  1.009390e-13  8.749600e-14 -1.435558e-13  4.021360e-08  1.798995e-14 -1.087445e-14
 -5.704440e-08 -2.067950e-08 -1.063750e-13  9.762430e-14  8.778730e-14 -1.421978e-13  3.971750e-08  1.748137e-14 -1.039045e-14
 -5.673870e-08 -2.038210e-08 -1.052080e-13  9.447680e-14  8.802419e-14 -1.408563e-13  3.924740e-08  1.699340e-14 -9.934630e-15
 -5.645840e-08 -2.009850e-08 -1.040960e-13  9.149080e-14  8.821092e-14 -1.395314e-13  3.880330e-08  1.652497e-14 -9.504965e-15
 -5.620340e-08 -1.982860e-08 -1.030370e-13  8.865810e-14  8.835137e-14 -1.382234e-13  3.838510e-08  1.607510e-14 -9.099616e-15
 -5.597360e-08 -1.957240e-08 -1.020310e-13  8.597380e-14  8.844914e-14 -1.369324e-13  3.799290e-08  1.564285e-14 -8.716891e-15
 -5.574210e-08 -1.931900e-08 -1.010280e-13  8.339600e-14  8.850753e-14 -1.356586e-13  3.759930e-08  1.522733e-14 -8.355239e-15
 -5.550100e-08 -1.906540e-08 -1.000110e-13  8.091390e-14  8.852960e-14 -1.344020e-13  3.719660e-08  1.482772e-14 -8.013235e-15
 -5.527490e-08 -1.882140e-08 -9.902830e-14  7.855110e-14  8.851814e-14 -1.331626e-13  3.680940e-08  1.444324e-14 -7.689567e-15
 -5.506380e-08 -1.858700e-08 -9.807940e-14  7.630200e-14  8.847575e-14 -1.319404e-13  3.643770e-08  1.407315e-14 -7.383026e-15
 -5.486760e-08 -1.836210e-08 -9.716450e-14  7.416270e-14  8.840483e-14 -1.307353e-13  3.608160e-08  1.371677e-14 -7.092498e-15
 -5.468640e-08 -1.814680e-08 -9.628350e-14  7.212860e-14  8.830759e-14 -1.295472e-13  3.574100e-08  1.337344e-14 -6.816953e-15
 -5.452020e-08 -1.794110e-08 -9.543650e-14  7.019600e-14  8.818608e-14 -1.283760e-13  3.541600e-08  1.304254e-14 -6.555441e-15
 -5.436890e-08 -1.774490e-08 -9.462340e-14  6.836050e-14  8.804218e-14 -1.272215e-13  3.510650e-08  1.272351e-14 -6.307083e-15
 -5.423260e-08 -1.755830e-08 -9.384420e-14  6.661950e-14  8.787766e-14 -1.260837e-13  3.481250e-08  1.241578e-14 -6.071063e-15
 -5.411130e-08 -1.738130e-08 -9.309890e-14  6.496780e-14  8.769414e-14 -1.249623e-13  3.453410e-08  1.211885e-14 -5.846629e-15
 -5.398810e-08 -1.720510e-08 -9.235350e-14  6.336760e-14  8.749311e-14 -1.238572e-13  3.425440e-08  1.183223e-14 -5.633078e-15
 -5.385820e-08 -1.702720e-08 -9.159820e-14  6.180590e-14  8.727598e-14 -1.227682e-13  3.396860e-08  1.155544e-14 -5.429761e-15
 -5.373690e-08 -1.685560e-08 -9.086380e-14  6.031350e-14  8.704404e-14 -1.216950e-13  3.369190e-08  1.128807e-14 -5.236074e-15
 -5.362420e-08 -1.669010e-08 -9.015030e-14  5.888760e-14  8.679849e-14 -1.206375e-13  3.342440e-08  1.102968e-14 -5.051456e-15
 -5.352000e-08 -1.653090e-08 -8.945780e-14  5.752640e-14  8.654044e-14 -1.195954e-13  3.316600e-08  1.077990e-14 -4.875382e-15
 -5.342440e-08 -1.637790e-08 -8.878620e-14  5.622700e-14  8.627094e-14 -1.185685e-13  3.291670e-08  1.053835e-14 -4.707365e-15
 -5.333730e-08 -1.623120e-08 -8.813550e-14  5.498740e-14  8.599094e-14 -1.175566e-13  3.267650e-08  1.030467e-14 -4.546951e-15
 -5.325870e-08 -1.609060e-08 -8.750570e-14  5.380580e-14  8.570133e-14 -1.165594e-13  3.244540e-08  1.007854e-14 -4.393716e-15
 -5.318870e-08 -1.595630e-08 -8.689690e-14  5.267990e-14  8.540295e-14 -1.155768e-13  3.222350e-08  9.859644e-15 -4.247263e-15
 -5.312720e-08 -1.582830e-08 -8.630900e-14  5.160820e-14  8.509658e-14 -1.146085e-13  3.201070e-08  9.647674e-15 -4.107222e-15
 -5.306490e-08 -1.570000e-08 -8.572250e-14  5.056090e-14  8.478293e-14 -1.136542e-13  3.179760e-08  9.442348e-15 -3.973248e-15
 -5.299910e-08 -1.556980e-08 -8.513210e-14  4.952860e-14  8.446267e-14 -1.127138e-13  3.158160e-08  9.243396e-15 -3.845014e-15
 -5.293820e-08 -1.544340e-08 -8.455520e-14  4.853650e-14  8.413642e-14 -1.117869e-13  3.137110e-08  9.050560e-15 -3.722219e-15
 -5.288230e-08 -1.532080e-08 -8.399180e-14  4.758310e-14  8.380476e-14 -1.108734e-13  3.116610e-08  8.863595e-15 -3.604578e-15
 -5.283140e-08 -1.520190e-08 -8.344190e-14  4.666610e-14  8.346824e-14 -1.099731e-13  3.096670e-08  8.682269e-15 -3.491823e-15
 -5.278540e-08 -1.508690e-08 -8.290560e-14  4.578670e-14  8.312736e-14 -1.090857e-13  3.077290e-08  8.506361e-15 -3.383704e-15
 -5.274440e-08 -1.497560e-08 -8.238270e-14  4.494090e-14  8.278258e-14 -1.082109e-13  3.058450e-08  8.335659e-15 -3.279986e-15
 -5.270840e-08 -1.486820e-08 -8.187340e-14  4.412960e-14  8.243434e-14 -1.073486e-13  3.040170e-08  8.169962e-15 -3.180447e-15
 -5.267730e-08 -1.476450e-08 -8.137760e-14  4.335140e-14  8.208306e-14 -1.064985e-13  3.022450e-08  8.009080e-15 -3.084880e-15
 -5.265110e-08 -1.466460e-08 -8.089530e-14  4.260430e-14  8.172910e-14 -1.056605e-13  3.005280e-08  7.852829e-15 -2.993088e-15
9 3 4 160 10.2500 89.7500 0.5000 C
 -2.628190e-07 -7.178850e-08 -3.972370e-13  2.023090e-13  0.000000e+00  0.000000e+00  1.476620e-07  0.000000e+00  0.000000e+00
 -2.622900e-07 -6.937950e-08 -3.858930e-13  1.865420e-13  0.000000e+00  0.000000e+00  1.435840e-07  0.000000e+00  0.000000e+00
 -2.620700e-07 -6.720390e-08 -3.755810e-13  1.732950e-13  0.000000e+00  0.000000e+00  1.398900e-07  0.000000e+00  0.000000e+00
 -2.621600e-07 -6.526150e-08 -3.663010e-13  1.622470e-13  0.000000e+00  0.000000e+00  1.365810e-07  0.000000e+00  0.000000e+00
 -2.622980e-07 -6.334140e-08 -3.574400e-13  1.524680e-13  0.000000e+00  0.000000e+00  1.333960e-07  0.000000e+00  0.000000e+00
 -2.623100e-07 -6.130360e-08 -3.485940e-13  1.433840e-13  0.000000e+00  0.000000e+00  1.301650e-07  0.000000e+00  0.000000e+00
 -2.623990e-07 -5.931180e-08 -3.402360e-13  1.353920e-13  0.000000e+00  0.000000e+00  1.270870e-07  0.000000e+00  0.000000e+00
 -2.625640e-07 -5.736610e-08 -3.323670e-13  1.283730e-13  0.000000e+00  0.000000e+00  1.241640e-07  0.000000e+00  0.000000e+00
 -2.628060e-07 -5.546660e-08 -3.249850e-13  1.222230e-13  0.000000e+00  0.000000e+00  1.213950e-07  0.000000e+00  0.000000e+00
 -2.631250e-07 -5.361330e-08 -3.180910e-13  1.168550e-13  0.000000e+00  0.000000e+00  1.187800e-07  0.000000e+00  0.000000e+00
 -2.635200e-07 -5.180620e-08 -3.116830e-13  1.121890e-13  0.000000e+00  0.000000e+00  1.163190e-07  0.000000e+00  0.000000e+00
 -2.639920e-07 -5.004530e-08 -3.057620e-13  1.081610e-13  0.000000e+00  0.000000e+00  1.140110e-07  0.000000e+00  0.000000e+00
 -2.643130e-07 -4.814540e-08 -2.997040e-13  1.042600e-13  0.000000e+00  0.000000e+00  1.116330e-07  0.000000e+00  0.000000e+00
 -2.644040e-07 -4.604150e-08 -2.932890e-13  1.003220e-13  0.000000e+00  0.000000e+00  1.091080e-07  0.000000e+00  0.000000e+00
 -2.644660e-07 -4.389740e-08 -2.870680e-13  9.672390e-14  0.000000e+00  0.000000e+00  1.066310e-07  0.000000e+00  0.000000e+00
 -2.644970e-07 -4.171320e-08 -2.810400e-13  9.343620e-14  0.000000e+00  0.000000e+00  1.042030e-07  0.000000e+00  0.000000e+00
 -2.644990e-07 -3.948920e-08 -2.752060e-13  9.043370e-14  0.000000e+00  0.000000e+00  1.018240e-07  0.000000e+00  0.000000e+00
 -2.644710e-07 -3.722560e-08 -2.695650e-13  8.769300e-14  0.000000e+00  0.000000e+00  9.949470e-08  0.000000e+00  0.000000e+00
 -2.644130e-07 -3.492270e-08 -2.641180e-13  8.519450e-14  0.000000e+00  0.000000e+00  9.721410e-08  0.000000e+00  0.000000e+00
 -2.643250e-07 -3.258060e-08 -2.588650e-13  8.291860e-14  0.000000e+00  0.000000e+00  9.498260e-08  0.000000e+00  0.000000e+00
 -2.641250e-07 -3.015190e-08 -2.535400e-13  8.071360e-14  0.000000e+00  0.000000e+00  9.271840e-08  0.000000e+00  0.000000e+00
 -2.637840e-07 -2.762030e-08 -2.480530e-13  7.852740e-14  0.000000e+00  0.000000e+00  9.039280e-08  0.000000e+00  0.000000e+00
 -2.633750e-07 -2.502800e-08 -2.426360e-13  7.647350e-14  0.000000e+00  0.000000e+00  8.807810e-08  0.000000e+00  0.000000e+00
 -2.628980e-07 -2.237540e-08 -2.372890e-13  7.454170e-14  0.000000e+00  0.000000e+00  8.577450e-08  0.000000e+00  0.000000e+00
 -2.623530e-07 -1.966280e-08 -2.320130e-13  7.272450e-14  0.000000e+00  0.000000e+00  8.348210e-08  0.000000e+00  0.000000e+00
 -2.617410e-07 -1.689050e-08 -2.268070e-13  7.101360e-14  0.000000e+00  0.000000e+00  8.120110e-08  0.000000e+00  0.000000e+00
 -2.610610e-07 -1.405870e-08 -2.216710e-13  6.940330e-14  0.000000e+00  0.000000e+00  7.893140e-08  0.000000e+00  0.000000e+00
 -2.603140e-07 -1.116800e-08 -2.166060e-13  6.788580e-14  0.000000e+00  0.000000e+00  7.667330e-08  0.000000e+00  0.000000e+00
 -2.595000e-07 -8.218460e-09 -2.116120e-13  6.645570e-14  0.000000e+00  0.000000e+00  7.442680e-08  0.000000e+00  0.000000e+00
 -2.586200e-07 -5.210580e-09 -2.066880e-13  6.510870e-14  0.000000e+00  0.000000e+00  7.219200e-08  0.000000e+00  0.000000e+00
 -2.576550e-07 -2.145380e-09 -2.017560e-13  6.376800e-14  0.000000e+00  0.000000e+00  6.994950e-08  0.000000e+00  0.000000e+00
 -2.566020e-07  9.765600e-10 -1.967940e-13  6.241420e-14  0.000000e+00  0.000000e+00  6.769400e-08  0.000000e+00  0.000000e+00
 -2.554760e-07  4.155540e-09 -1.918740e-13  6.110990e-14  0.000000e+00  0.000000e+00  6.544310e-08  0.000000e+00  0.000000e+00
 -2.542780e-07  7.391180e-09 -1.869940e-13  5.985130e-14  0.000000e+00  0.000000e+00  6.319710e-08  0.000000e+00  0.000000e+00
 -2.530070e-07  1.068310e-08 -1.821570e-13  5.863650e-14  0.000000e+00  0.000000e+00  6.095600e-08  0.000000e+00  0.000000e+00
 -2.516650e-07  1.403090e-08 -1.773610e-13  5.746320e-14  0.000000e+00  0.000000e+00  5.871990e-08  0.000000e+00  0.000000e+00
 -2.502510e-07  1.743420e-08 -1.726070e-13  5.632870e-14  0.000000e+00  0.000000e+00  5.648910e-08  0.000000e+00  0.000000e+00
 -2.487660e-07  2.089260e-08 -1.678960e-13  5.523150e-14  0.000000e+00  0.000000e+00  5.426350e-08  0.000000e+00  0.000000e+00
 -2.472090e-07  2.440570e-08 -1.632270e-13  5.416920e-14  0.000000e+00  0.000000e+00  5.204340e-08  0.000000e+00  0.000000e+00
 -2.455830e-07  2.797300e-08 -1.586000e-13  5.314050e-14  0.000000e+00  0.000000e+00  4.982870e-08  0.000000e+00  0.000000e+00
 -2.439170e-07  3.156220e-08 -1.540180e-13  5.210340e-14  0.000000e+00  0.000000e+00  4.764040e-08  0.000000e+00  0.000000e+00
 -2.422200e-07  3.516370e-08 -1.494810e-13  5.104690e-14  0.000000e+00  0.000000e+00  4.548430e-08  0.000000e+00  0.000000e+00
 -2.404650e-07  3.880620e-08 -1.449880e-13  5.000700e-14  0.000000e+00  0.000000e+00  4.334190e-08  0.000000e+00  0.000000e+00
 -2.386520e-07  4.248920e-08 -1.405390e-13  4.898300e-14  0.000000e+00  0.000000e+00  4.121310e-08  0.000000e+00  0.000000e+00
 -2.367820e-07  4.621250e-08 -1.361340e-13  4.797460e-14  0.000000e+00  0.000000e+00  3.909820e-08  0.000000e+00  0.000000e+00
 -2.348540e-07  4.997560e-08 -1.317730e-13  4.698090e-14  0.000000e+00  0.000000e+00  3.699710e-08  0.000000e+00  0.000000e+00
 -2.328700e-07  5.377800e-08 -1.274560e-13  4.600170e-14  0.000000e+00  0.000000e+00  3.491000e-08  0.000000e+00  0.000000e+00
 -2.308290e-07  5.761950e-08 -1.231830e-13  4.503560e-14  0.000000e+00  0.000000e+00  3.283690e-08  0.000000e+00  0.000000e+00
 -2.287320e-07  6.149940e-08 -1.189540e-13  4.408340e-14  0.000000e+00  0.000000e+00  3.077790e-08  0.000000e+00  0.000000e+00
 -2.265790e-07  6.541750e-08 -1.147700e-13  4.314280e-14  0.000000e+00  0.000000e+00  2.873320e-08  0.000000e+00  0.000000e+00
 -2.243700e-07  6.937330e-08 -1.106300e-13  4.221500e-14  0.000000e+00  0.000000e+00  2.670270e-08  0.000000e+00  0.000000e+00
 -2.221060e-07  7.336630e-08 -1.065350e-13  4.129820e-14  0.000000e+00  0.000000e+00  2.468660e-08  0.000000e+00  0.000000e+00
 -2.197880e-07  7.739620e-08 -1.024840e-13  4.039290e-14  0.000000e+00  0.000000e+00  2.268480e-08  0.000000e+00  0.000000e+00
 -2.174140e-07  8.146240e-08 -9.847820e-14  3.949830e-14  0.000000e+00  0.000000e+00  2.069760e-08  0.000000e+00  0.000000e+00
 -2.149870e-07  8.556460e-08 -9.451700e-14  3.861380e-14  0.000000e+00  0.000000e+00  1.872500e-08  0.000000e+00  0.000000e+00
 -2.125060e-07  8.970220e-08 -9.060070e-14  3.773990e-14  0.000000e+00  0.000000e+00  1.676700e-08  0.000000e+00  0.000000e+00
 -2.099710e-07  9.387480e-08 -8.672940e-14  3.687540e-14  0.000000e+00  0.000000e+00  1.482370e-08  0.000000e+00  0.000000e+00
 -2.073830e-07  9.808200e-08 -8.290290e-14  3.602020e-14  0.000000e+00  0.000000e+00  1.289520e-08  0.000000e+00  0.000000e+00
 -2.047430e-07  1.023230e-07 -7.912160e-14  3.517410e-14  0.000000e+00  0.000000e+00  1.098150e-08  0.000000e+00  0.000000e+00
 -2.020510e-07  1.065980e-07 -7.538520e-14  3.433670e-14  0.000000e+00  0.000000e+00  9.082790e-09  0.000000e+00  0.000000e+00
 -1.994160e-07  1.108030e-07 -7.177500e-14  3.347590e-14  0.000000e+00  0.000000e+00  7.269640e-09  0.000000e+00  0.000000e+00
 -1.968540e-07  1.149240e-07 -6.830260e-14  3.258820e-14  0.000000e+00  0.000000e+00  5.552120e-09  0.000000e+00  0.000000e+00
 -1.942610e-07  1.190580e-07 -6.489050e-14  3.170410e-14  0.000000e+00  0.000000e+00  3.862940e-09  0.000000e+00  0.000000e+00
 -1.916390e-07  1.232050e-07 -6.153870e-14  3.082390e-14  0.000000e+00  0.000000e+00  2.202080e-09  0.000000e+00  0.000000e+00
 -1.889860e-07  1.273630e-07 -5.824720e-14  2.994710e-14  0.000000e+00  0.000000e+00  5.695250e-10  0.000000e+00  0.000000e+00
 -1.863040e-07  1.315340e-07 -5.501590e-14  2.907410e-14  0.000000e+00  0.000000e+00 -1.034740e-09  0.000000e+00  0.000000e+00
 -1.835930e-07  1.357150e-07 -5.184470e-14  2.820430e-14  0.000000e+00  0.000000e+00 -2.610750e-09  0.000000e+00  0.000000e+00
 -1.808520e-07  1.399080e-07 -4.873350e-14  2.733840e-14  0.000000e+00  0.000000e+00 -4.158520e-09  0.000000e+00  0.000000e+00
 -1.780830e-07  1.441110e-07 -4.568220e-14  2.647590e-14  0.000000e+00  0.000000e+00 -5.678090e-09  0.000000e+00  0.000000e+00
 -1.752860e-07  1.483240e-07 -4.269090e-14  2.561650e-14  0.000000e+00  0.000000e+00 -7.169490e-09  0.000000e+00  0.000000e+00
 -1.724600e-07  1.525480e-07 -3.975920e-14  2.476010e-14  0.000000e+00  0.000000e+00 -8.632760e-09  0.000000e+00  0.000000e+00
 -1.696070e-07  1.567800e-07 -3.688720e-14  2.390780e-14  0.000000e+00  0.000000e+00 -1.006790e-08  0.000000e+00  0.000000e+00
 -1.667270e-07  1.610210e-07 -3.407470e-14  2.305850e-14  0.000000e+00  0.000000e+00 -1.147510e-08  0.000000e+00  0.000000e+00
 -1.638190e-07  1.652710e-07 -3.132160e-14  2.221240e-14  0.000000e+00  0.000000e+00 -1.285420e-08  0.000000e+00  0.000000e+00
 -1.608850e-07  1.695290e-07 -2.862780e-14  2.136990e-14  0.000000e+00  0.000000e+00 -1.420530e-08  0.000000e+00  0.000000e+00
 -1.579250e-07  1.737950e-07 -2.599310e-14  2.053030e-14  0.000000e+00  0.000000e+00 -1.552850e-08  0.000000e+00  0.000000e+00
 -1.549390e-07  1.780680e-07 -2.341740e-14  1.969410e-14  0.000000e+00  0.000000e+00 -1.682390e-08  0.000000e+00  0.000000e+00
 -1.519270e-07  1.823470e-07 -2.090060e-14  1.886140e-14  0.000000e+00  0.000000e+00 -1.809150e-08  0.000000e+00  0.000000e+00
 -1.488890e-07  1.866340e-07 -1.844250e-14  1.803160e-14  0.000000e+00  0.000000e+00 -1.933130e-08  0.000000e+00  0.000000e+00
 -1.458270e-07  1.909260e-07 -1.604300e-14  1.720510e-14  0.000000e+00  0.000000e+00 -2.054340e-08  0.000000e+00  0.000000e+00
 -1.428510e-07  1.950750e-07 -1.376980e-14  1.640550e-14  0.000000e+00  0.000000e+00 -2.167080e-08  0.000000e+00  0.000000e+00
 -1.399750e-07  1.990600e-07 -1.163220e-14  1.563560e-14  0.000000e+00  0.000000e+00 -2.270540e-08  0.000000e+00  0.000000e+00
 -1.370960e-07  2.030230e-07 -9.565340e-15  1.487230e-14  0.000000e+00  0.000000e+00 -2.370190e-08  0.000000e+00  0.000000e+00
 -1.342140e-07  2.069620e-07 -7.568830e-15  1.411580e-14  0.000000e+00  0.000000e+00 -2.466050e-08  0.000000e+00  0.000000e+00
 -1.313290e-07  2.108790e-07 -5.642420e-15  1.336530e-14  0.000000e+00  0.000000e+00 -2.558130e-08  0.000000e+00  0.000000e+00
 -1.284410e-07  2.147710e-07 -3.785830e-15  1.262110e-14  0.000000e+00  0.000000e+00 -2.646450e-08  0.000000e+00  0.000000e+00
 -1.255500e-07  2.186400e-07 -1.998750e-15  1.188320e-14  0.000000e+00  0.000000e+00 -2.731020e-08  0.000000e+00  0.000000e+00
 -1.226580e-07  2.224850e-07 -2.808850e-16  1.115130e-14  0.000000e+00  0.000000e+00 -2.811860e-08  0.000000e+00  0.000000e+00
 -1.197630e-07  2.263060e-07  1.368060e-15  1.042520e-14  0.000000e+00  0.000000e+00 -2.888990e-08  0.000000e+00  0.000000e+00
 -1.168660e-07  2.301020e-07  2.948420e-15  9.705070e-15  0.000000e+00  0.000000e+00 -2.962420e-08  0.000000e+00  0.000000e+00
 -1.139680e-07  2.338740e-07  4.460500e-15  8.990720e-15  0.000000e+00  0.000000e+00 -3.032170e-08  0.000000e+00  0.000000e+00
 -1.110690e-07  2.376210e-07  5.904620e-15  8.281970e-15  0.000000e+00  0.000000e+00 -3.098260e-08  0.000000e+00  0.000000e+00
 -1.081680e-07  2.413420e-07  7.281150e-15  7.578790e-15  0.000000e+00  0.000000e+00 -3.160710e-08  0.000000e+00  0.000000e+00
 -1.052660e-07  2.450380e-07  8.590420e-15  6.881230e-15  0.000000e+00  0.000000e+00 -3.219530e-08  0.000000e+00  0.000000e+00
 -1.023640e-07  2.487090e-07  9.832770e-15  6.188960e-15  0.000000e+00  0.000000e+00 -3.274750e-08  0.000000e+00  0.000000e+00
 -9.946150e-08  2.523540e-07  1.100860e-14  5.502210e-15  0.000000e+00  0.000000e+00 -3.326390e-08  0.000000e+00  0.000000e+00
 -9.655870e-08  2.559730e-07  1.211820e-14  4.820680e-15  0.000000e+00  0.000000e+00 -3.374460e-08  0.000000e+00  0.000000e+00
 -9.365590e-08  2.595650e-07  1.316200e-14  4.144390e-15  0.000000e+00  0.000000e+00 -3.418990e-08  0.000000e+00  0.000000e+00
 -9.075350e-08  2.631310e-07  1.414040e-14  3.473250e-15  0.000000e+00  0.000000e+00 -3.459990e-08  0.000000e+00  0.000000e+00
 -8.785150e-08  2.666700e-07  1.505370e-14  2.807230e-15  0.000000e+00  0.000000e+00 -3.497490e-08  0.000000e+00  0.000000e+00
 -8.500050e-08  2.700590e-07  1.591650e-14  2.187880e-15  0.000000e+00  0.000000e+00 -3.531270e-08  0.000000e+00  0.000000e+00
 -8.220740e-08  2.732790e-07  1.673100e-14  1.619840e-15  0.000000e+00  0.000000e+00 -3.561310e-08  0.000000e+00  0.000000e+00
 -7.942480e-08  2.764500e-07  1.748440e-14  1.062990e-15  0.000000e+00  0.000000e+00 -3.587880e-08  0.000000e+00  0.000000e+00
 -7.665280e-08  2.795700e-07  1.817680e-14  5.170360e-16  0.000000e+00  0.000000e+00 -3.610980e-08  0.000000e+00  0.000000e+00
 -7.389150e-08  2.826400e-07  1.880880e-14 -1.823910e-17  0.000000e+00  0.000000e+00 -3.630650e-08  0.000000e+00  0.000000e+00
 -7.114120e-08  2.856600e-07  1.938070e-14 -5.430650e-16  0.000000e+00  0.000000e+00 -3.646910e-08  0.000000e+00  0.000000e+00
 -6.840190e-08  2.886300e-07  1.989300e-14 -1.057670e-15  0.000000e+00  0.000000e+00 -3.659790e-08  0.000000e+00  0.000000e+00
 -6.567380e-08  2.915500e-07  2.034600e-14 -1.562280e-15  0.000000e+00  0.000000e+00 -3.669290e-08  0.000000e+00  0.000000e+00
 -6.295710e-08  2.944200e-07  2.074030e-14 -2.057110e-15  0.000000e+00  0.000000e+00 -3.675470e-08  0.000000e+00  0.000000e+00
 -6.025190e-08  2.972400e-07  2.107610e-14 -2.542330e-15  0.000000e+00  0.000000e+00 -3.678320e-08  0.000000e+00  0.000000e+00
 -5.755850e-08  3.000100e-07  2.135400e-14 -3.018090e-15  0.000000e+00  0.000000e+00 -3.677890e-08  0.000000e+00  0.000000e+00
 -5.487690e-08  3.027300e-07  2.157440e-14 -3.484720e-15  0.000000e+00  0.000000e+00 -3.674200e-08  0.000000e+00  0.000000e+00
 -5.220730e-08  3.053990e-07  2.173780e-14 -3.942310e-15  0.000000e+00  0.000000e+00 -3.667280e-08  0.000000e+00  0.000000e+00
 -4.954990e-08  3.080190e-07  2.184460e-14 -4.391110e-15  0.000000e+00  0.000000e+00 -3.657140e-08  0.000000e+00  0.000000e+00
 -4.690480e-08  3.105890e-07  2.189520e-14 -4.831170e-15  0.000000e+00  0.000000e+00 -3.643830e-08  0.000000e+00  0.000000e+00
 -4.427220e-08  3.131080e-07  2.189020e-14 -5.262720e-15  0.000000e+00  0.000000e+00 -3.627360e-08  0.000000e+00  0.000000e+00
 -4.165220e-08  3.155780e-07  2.183000e-14 -5.685860e-15  0.000000e+00  0.000000e+00 -3.607760e-08  0.000000e+00  0.000000e+00
 -3.904500e-08  3.179980e-07  2.171520e-14 -6.101060e-15  0.000000e+00  0.000000e+00 -3.585070e-08  0.000000e+00  0.000000e+00
 -3.645070e-08  3.203680e-07  2.154610e-14 -6.507950e-15  0.000000e+00  0.000000e+00 -3.559300e-08  0.000000e+00  0.000000e+00
 -3.386960e-08  3.226880e-07  2.132330e-14 -6.907180e-15  0.000000e+00  0.000000e+00 -3.530490e-08  0.000000e+00  0.000000e+00
 -3.130800e-08  3.248810e-07  2.111560e-14 -7.275090e-15  0.000000e+00  0.000000e+00 -3.501930e-08  0.000000e+00  0.000000e+00
 -2.876700e-08  3.269350e-07  2.093290e-14 -7.609370e-15  0.000000e+00  0.000000e+00 -3.474080e-08  0.000000e+00  0.000000e+00
 -2.624070e-08  3.289260e-07  2.071040e-14 -7.932470e-15  0.000000e+00  0.000000e+00 -3.443870e-08  0.000000e+00  0.000000e+00
 -2.372930e-08  3.308530e-07  2.044830e-14 -8.244810e-15  0.000000e+00  0.000000e+00 -3.411320e-08  0.000000e+00  0.000000e+00
 -2.123280e-08  3.327170e-07  2.014720e-14 -8.546820e-15  0.000000e+00  0.000000e+00 -3.376450e-08  0.000000e+00  0.000000e+00
 -1.875150e-08  3.345180e-07  1.980750e-14 -8.838230e-15  0.000000e+00  0.000000e+00 -3.339290e-08  0.000000e+00  0.000000e+00
 -1.628540e-08  3.362560e-07  1.942940e-14 -9.119450e-15  0.000000e+00  0.000000e+00 -3.299860e-08  0.000000e+00  0.000000e+00
 -1.383470e-08  3.379320e-07  1.901350e-14 -9.391080e-15  0.000000e+00  0.000000e+00 -3.258190e-08  0.000000e+00  0.000000e+00
 -1.139960e-08  3.395450e-07  1.856010e-14 -9.652800e-15  0.000000e+00  0.000000e+00 -3.214300e-08  0.000000e+00  0.000000e+00
 -8.980050e-09  3.410960e-07  1.806960e-14 -9.905210e-15  0.000000e+00  0.000000e+00 -3.168210e-08  0.000000e+00  0.000000e+00
 -6.576370e-09  3.425850e-07  1.754250e-14 -1.014810e-14  0.000000e+00  0.000000e+00 -3.119960e-08  0.000000e+00  0.000000e+00
 -4.188610e-09  3.440120e-07  1.697920e-14 -1.038220e-14  0.000000e+00  0.000000e+00 -3.069570e-08  0.000000e+00  0.000000e+00
 -1.816950e-09  3.453780e-07  1.638010e-14 -1.060720e-14  0.000000e+00  0.000000e+00 -3.017060e-08  0.000000e+00  0.000000e+00
  5.385340e-10  3.466830e-07  1.574570e-14 -1.082380e-14  0.000000e+00  0.000000e+00 -2.962460e-08  0.000000e+00  0.000000e+00
  2.877650e-09  3.479270e-07  1.507630e-14 -1.103150e-14  0.000000e+00  0.000000e+00 -2.905800e-08  0.000000e+00  0.000000e+00
  5.200280e-09  3.491100e-07  1.437240e-14 -1.123130e-14  0.000000e+00  0.000000e+00 -2.847110e-08  0.000000e+00  0.000000e+00
  7.506340e-09  3.502330e-07  1.363450e-14 -1.142240e-14  0.000000e+00  0.000000e+00 -2.786410e-08  0.000000e+00  0.000000e+00
  9.795630e-09  3.512960e-07  1.286300e-14 -1.160550e-14  0.000000e+00  0.000000e+00 -2.723730e-08  0.000000e+00  0.000000e+00
  1.206810e-08  3.523000e-07  1.205840e-14 -1.178120e-14  0.000000e+00  0.000000e+00 -2.659090e-08  0.000000e+00  0.000000e+00
  1.432350e-08  3.532430e-07  1.122110e-14 -1.194890e-14  0.000000e+00  0.000000e+00 -2.592540e-08  0.000000e+00  0.000000e+00
  1.657250e-08  3.540910e-07  1.042740e-14 -1.209920e-14  0.000000e+00  0.000000e+00 -2.528310e-08  0.000000e+00  0.000000e+00
  1.881630e-08  3.548370e-07  9.688140e-15 -1.223060e-14  0.000000e+00  0.000000e+00 -2.467010e-08  0.000000e+00  0.000000e+00
  2.104460e-08  3.555180e-07  8.931070e-15 -1.235350e-14  0.000000e+00  0.000000e+00 -2.404620e-08  0.000000e+00  0.000000e+00
  2.325730e-08  3.561350e-07  8.156480e-15 -1.246730e-14  0.000000e+00  0.000000e+00 -2.341170e-08  0.000000e+00  0.000000e+00
  2.545410e-08  3.566870e-07  7.364700e-15 -1.257330e-14  0.000000e+00  0.000000e+00 -2.276660e-08  0.000000e+00  0.000000e+00
  2.763510e-08  3.571750e-07  6.556010e-15 -1.267060e-14  0.000000e+00  0.000000e+00 -2.211130e-08  0.000000e+00  0.000000e+00
  2.979990e-08  3.575990e-07  5.730730e-15 -1.276030e-14  0.000000e+00  0.000000e+00 -2.144580e-08  0.000000e+00  0.000000e+00
  3.194850e-08  3.579600e-07  4.889160e-15 -1.284200e-14  0.000000e+00  0.000000e+00 -2.077050e-08  0.000000e+00  0.000000e+00
  3.408070e-08  3.582590e-07  4.031600e-15 -1.291610e-14  0.000000e+00  0.000000e+00 -2.008540e-08  0.000000e+00  0.000000e+00
  3.619630e-08  3.584950e-07  3.158380e-15 -1.298220e-14  0.000000e+00  0.000000e+00 -1.939090e-08  0.000000e+00  0.000000e+00
  3.829530e-08  3.586690e-07  2.269790e-15 -1.304150e-14  0.000000e+00  0.000000e+00 -1.868700e-08  0.000000e+00  0.000000e+00
  4.037740e-08  3.587820e-07  1.366170e-15 -1.309360e-14  0.000000e+00  0.000000e+00 -1.797400e-08  0.000000e+00  0.000000e+00
  4.244250e-08  3.588340e-07  4.478370e-16 -1.313820e-14  0.000000e+00  0.000000e+00 -1.725220e-08  0.000000e+00  0.000000e+00
  4.449050e-08  3.588260e-07 -4.849120e-16 -1.317650e-14  0.000000e+00  0.000000e+00 -1.652160e-08  0.000000e+00  0.000000e+00
  4.652120e-08  3.587570e-07 -1.431720e-15 -1.320770e-14  0.000000e+00  0.000000e+00 -1.578260e-08  0.000000e+00  0.000000e+00
  4.853440e-08  3.586290e-07 -2.392300e-15 -1.323270e-14  0.000000e+00  0.000000e+00 -1.503530e-08  0.000000e+00  0.000000e+00
  5.053010e-08  3.584410e-07 -3.366290e-15 -1.325090e-14  0.000000e+00  0.000000e+00 -1.428000e-08  0.000000e+00  0.000000e+00
  5.250800e-08  3.581950e-07 -4.353380e-15 -1.326320e-14  0.000000e+00  0.000000e+00 -1.351680e-08  0.000000e+00  0.000000e+00
  5.446810e-08  3.578910e-07 -5.353240e-15 -1.326940e-14  0.000000e+00  0.000000e+00 -1.274590e-08  0.000000e+00  0.000000e+00
  5.641020e-08  3.575290e-07 -6.365520e-15 -1.326920e-14  0.000000e+00  0.000000e+00 -1.196770e-08  0.000000e+00  0.000000e+00
9 4 4 90 90.5000 179.5000 1.0000 C
  1.186120e-07  7.137100e-07 -1.556270e-14 -2.651200e-14  0.000000e+00  0.000000e+00 -2.172090e-08  0.000000e+00  0.000000e+00
  1.262380e-07  7.114790e-07 -1.918790e-14 -2.643240e-14  0.000000e+00  0.000000e+00 -1.885640e-08  0.000000e+00  0.000000e+00
  1.337250e-07  7.087890e-07 -2.281690e-14 -2.630800e-14  0.000000e+00  0.000000e+00 -1.598960e-08  0.000000e+00  0.000000e+00
  1.410720e-07  7.056490e-07 -2.644680e-14 -2.614210e-14  0.000000e+00  0.000000e+00 -1.312230e-08  0.000000e+00  0.000000e+00
  1.482760e-07  7.020680e-07 -3.007480e-14 -2.593530e-14  0.000000e+00  0.000000e+00 -1.025650e-08  0.000000e+00  0.000000e+00
  1.553340e-07  6.980530e-07 -3.369810e-14 -2.569000e-14  0.000000e+00  0.000000e+00 -7.394200e-09  0.000000e+00  0.000000e+00
  1.622440e-07  6.936160e-07 -3.731360e-14 -2.540820e-14  0.000000e+00  0.000000e+00 -4.537410e-09  0.000000e+00  0.000000e+00
  1.690030e-07  6.887650e-07 -4.091850e-14 -2.509170e-14  0.000000e+00  0.000000e+00 -1.688150e-09  0.000000e+00  0.000000e+00
  1.756080e-07  6.835090e-07 -4.450980e-14 -2.474240e-14  0.000000e+00  0.000000e+00  1.151560e-09  0.000000e+00  0.000000e+00
  1.820580e-07  6.778580e-07 -4.808460e-14 -2.436200e-14  0.000000e+00  0.000000e+00  3.979640e-09  0.000000e+00  0.000000e+00
  1.883470e-07  6.718320e-07 -5.147440e-14 -2.397630e-14  0.000000e+00  0.000000e+00  6.689650e-09  0.000000e+00  0.000000e+00
  1.944730e-07  6.654420e-07 -5.463440e-14 -2.359320e-14  0.000000e+00  0.000000e+00  9.253270e-09  0.000000e+00  0.000000e+00
  2.004360e-07  6.586910e-07 -5.771530e-14 -2.319040e-14  0.000000e+00  0.000000e+00  1.176520e-08  0.000000e+00  0.000000e+00
  2.062310e-07  6.515880e-07 -6.071600e-14 -2.276990e-14  0.000000e+00  0.000000e+00  1.422470e-08  0.000000e+00  0.000000e+00
  2.118580e-07  6.441430e-07 -6.363570e-14 -2.233210e-14  0.000000e+00  0.000000e+00  1.663100e-08  0.000000e+00  0.000000e+00
  2.173130e-07  6.363670e-07 -6.647330e-14 -2.187880e-14  0.000000e+00  0.000000e+00  1.898330e-08  0.000000e+00  0.000000e+00
  2.225950e-07  6.282700e-07 -6.922820e-14 -2.140990e-14  0.000000e+00  0.000000e+00  2.128100e-08  0.000000e+00  0.000000e+00
  2.277000e-07  6.198630e-07 -7.189920e-14 -2.092780e-14  0.000000e+00  0.000000e+00  2.352320e-08  0.000000e+00  0.000000e+00
  2.326270e-07  6.111570e-07 -7.448570e-14 -2.043210e-14  0.000000e+00  0.000000e+00  2.570920e-08  0.000000e+00  0.000000e+00
  2.373730e-07  6.021620e-07 -7.698670e-14 -1.992450e-14  0.000000e+00  0.000000e+00  2.783840e-08  0.000000e+00  0.000000e+00
  2.418960e-07  5.929260e-07 -7.930710e-14 -1.940770e-14  0.000000e+00  0.000000e+00  2.984790e-08  0.000000e+00  0.000000e+00
  2.461840e-07  5.834680e-07 -8.142320e-14 -1.888310e-14  0.000000e+00  0.000000e+00  3.172170e-08  0.000000e+00  0.000000e+00
  2.502730e-07  5.737660e-07 -8.342180e-14 -1.834960e-14  0.000000e+00  0.000000e+00  3.351710e-08  0.000000e+00  0.000000e+00
  2.541590e-07  5.638320e-07 -8.530360e-14 -1.780790e-14  0.000000e+00  0.000000e+00  3.523420e-08  0.000000e+00  0.000000e+00
  2.578420e-07  5.536750e-07 -8.706910e-14 -1.725960e-14  0.000000e+00  0.000000e+00  3.687340e-08  0.000000e+00  0.000000e+00
  2.613200e-07  5.433070e-07 -8.871900e-14 -1.670490e-14  0.000000e+00  0.000000e+00  3.843490e-08  0.000000e+00  0.000000e+00
  2.645910e-07  5.327400e-07 -9.025390e-14 -1.614480e-14  0.000000e+00  0.000000e+00  3.991900e-08  0.000000e+00  0.000000e+00
  2.676530e-07  5.219840e-07 -9.167480e-14 -1.557980e-14  0.000000e+00  0.000000e+00  4.132610e-08  0.000000e+00  0.000000e+00
  2.705060e-07  5.110510e-07 -9.298210e-14 -1.501100e-14  0.000000e+00  0.000000e+00  4.265630e-08  0.000000e+00  0.000000e+00
  2.731470e-07  4.999520e-07 -9.417680e-14 -1.443940e-14  0.000000e+00  0.000000e+00  4.391020e-08  0.000000e+00  0.000000e+00
  2.755110e-07  4.887480e-07 -9.522490e-14 -1.390230e-14  0.000000e+00  0.000000e+00  4.506020e-08  0.000000e+00  0.000000e+00
  2.775810e-07  4.774620e-07 -9.611920e-14 -1.340980e-14  0.000000e+00  0.000000e+00  4.610030e-08  0.000000e+00  0.000000e+00
  2.794160e-07  4.660600e-07 -9.689290e-14 -1.292650e-14  0.000000e+00  0.000000e+00  4.705680e-08  0.000000e+00  0.000000e+00
  2.810160e-07  4.545530e-07 -9.754750e-14 -1.245220e-14  0.000000e+00  0.000000e+00  4.793070e-08  0.000000e+00  0.000000e+00
  2.823810e-07  4.429510e-07 -9.808450e-14 -1.198770e-14  0.000000e+00  0.000000e+00  4.872280e-08  0.000000e+00  0.000000e+00
  2.835090e-07  4.312670e-07 -9.850550e-14 -1.153190e-14  0.000000e+00  0.000000e+00  4.943420e-08  0.000000e+00  0.000000e+00
  2.844020e-07  4.195100e-07 -9.881200e-14 -1.108540e-14  0.000000e+00  0.000000e+00  5.006580e-08  0.000000e+00  0.000000e+00
  2.850600e-07  4.076920e-07 -9.900580e-14 -1.064780e-14  0.000000e+00  0.000000e+00  5.061850e-08  0.000000e+00  0.000000e+00
  2.854810e-07  3.958250e-07 -9.908840e-14 -1.021890e-14  0.000000e+00  0.000000e+00  5.109350e-08  0.000000e+00  0.000000e+00
  2.856670e-07  3.839200e-07 -9.906140e-14 -9.799300e-15  0.000000e+00  0.000000e+00  5.149180e-08  0.000000e+00  0.000000e+00
  2.855470e-07  3.720380e-07 -9.891180e-14 -9.382610e-15  0.000000e+00  0.000000e+00  5.180270e-08  0.000000e+00  0.000000e+00
  2.851080e-07  3.602010e-07 -9.863790e-14 -8.967630e-15  0.000000e+00  0.000000e+00  5.202470e-08  0.000000e+00  0.000000e+00
  2.844130e-07  3.483750e-07 -9.825550e-14 -8.560150e-15  0.000000e+00  0.000000e+00  5.216990e-08  0.000000e+00  0.000000e+00
  2.834660e-07  3.365690e-07 -9.776680e-14 -8.159800e-15  0.000000e+00  0.000000e+00  5.223970e-08  0.000000e+00  0.000000e+00
  2.822660e-07  3.247940e-07 -9.717370e-14 -7.766980e-15  0.000000e+00  0.000000e+00  5.223540e-08  0.000000e+00  0.000000e+00
  2.808180e-07  3.130610e-07 -9.647860e-14 -7.382090e-15  0.000000e+00  0.000000e+00  5.215850e-08  0.000000e+00  0.000000e+00
  2.791210e-07  3.013790e-07 -9.568350e-14 -7.004550e-15  0.000000e+00  0.000000e+00  5.201040e-08  0.000000e+00  0.000000e+00
  2.771790e-07  2.897600e-07 -9.479080e-14 -6.634760e-15  0.000000e+00  0.000000e+00  5.179250e-08  0.000000e+00  0.000000e+00
  2.749920e-07  2.782140e-07 -9.380250e-14 -6.273110e-15  0.000000e+00  0.000000e+00  5.150630e-08  0.000000e+00  0.000000e+00
  2.725640e-07  2.667510e-07 -9.272110e-14 -5.919280e-15  0.000000e+00  0.000000e+00  5.115320e-08  0.000000e+00  0.000000e+00
  2.698350e-07  2.554340e-07 -9.155230e-14 -5.584890e-15  0.000000e+00  0.000000e+00  5.073460e-08  0.000000e+00  0.000000e+00
  2.667960e-07  2.442830e-07 -9.029920e-14 -5.271610e-15  0.000000e+00  0.000000e+00  5.025180e-08  0.000000e+00  0.000000e+00
  2.635060e-07  2.332600e-07 -8.896070e-14 -4.969640e-15  0.000000e+00  0.000000e+00  4.970670e-08  0.000000e+00  0.000000e+00
  2.599690e-07  2.223740e-07 -8.753920e-14 -4.678200e-15  0.000000e+00  0.000000e+00  4.910080e-08  0.000000e+00  0.000000e+00
  2.561890e-07  2.116360e-07 -8.603670e-14 -4.397320e-15  0.000000e+00  0.000000e+00  4.843560e-08  0.000000e+00  0.000000e+00
  2.521700e-07  2.010540e-07 -8.445570e-14 -4.127030e-15  0.000000e+00  0.000000e+00  4.771270e-08  0.000000e+00  0.000000e+00
  2.479160e-07  1.906370e-07 -8.279840e-14 -3.866950e-15  0.000000e+00  0.000000e+00  4.693370e-08  0.000000e+00  0.000000e+00
  2.434310e-07  1.803950e-07 -8.106710e-14 -3.616770e-15  0.000000e+00  0.000000e+00  4.610010e-08  0.000000e+00  0.000000e+00
  2.387200e-07  1.703370e-07 -7.926440e-14 -3.376500e-15  0.000000e+00  0.000000e+00  4.521370e-08  0.000000e+00  0.000000e+00
  2.337860e-07  1.604730e-07 -7.739230e-14 -3.145980e-15  0.000000e+00  0.000000e+00  4.427610e-08  0.000000e+00  0.000000e+00
  2.285900e-07  1.508550e-07 -7.545920e-14 -2.925090e-15  0.000000e+00  0.000000e+00  4.329130e-08  0.000000e+00  0.000000e+00
  2.231300e-07  1.415020e-07 -7.346840e-14 -2.714060e-15  0.000000e+00  0.000000e+00  4.226160e-08  0.000000e+00  0.000000e+00
  2.174510e-07  1.323790e-07 -7.141670e-14 -2.512250e-15  0.000000e+00  0.000000e+00  4.118610e-08  0.000000e+00  0.000000e+00
  2.115600e-07  1.234940e-07 -6.930640e-14 -2.319500e-15  0.000000e+00  0.000000e+00  4.006630e-08  0.000000e+00  0.000000e+00
  2.054620e-07  1.148540e-07 -6.713970e-14 -2.135660e-15  0.000000e+00  0.000000e+00  3.890400e-08  0.000000e+00  0.000000e+00
  1.991640e-07  1.064670e-07 -6.491890e-14 -1.960450e-15  0.000000e+00  0.000000e+00  3.770080e-08  0.000000e+00  0.000000e+00
  1.926720e-07  9.833940e-08 -6.264620e-14 -1.793860e-15  0.000000e+00  0.000000e+00  3.645810e-08  0.000000e+00  0.000000e+00
  1.859930e-07  9.048000e-08 -6.032390e-14 -1.635740e-15  0.000000e+00  0.000000e+00  3.517770e-08  0.000000e+00  0.000000e+00
  1.791320e-07  8.289550e-08 -5.795420e-14 -1.485820e-15  0.000000e+00  0.000000e+00  3.386110e-08  0.000000e+00  0.000000e+00
  1.720950e-07  7.559350e-08 -5.553950e-14 -1.343970e-15  0.000000e+00  0.000000e+00  3.251010e-08  0.000000e+00  0.000000e+00
  1.648680e-07  6.861460e-08 -5.308540e-14 -1.210020e-15  0.000000e+00  0.000000e+00  3.112780e-08  0.000000e+00  0.000000e+00
  1.574530e-07  6.197000e-08 -5.059430e-14 -1.083910e-15  0.000000e+00  0.000000e+00  2.971590e-08  0.000000e+00  0.000000e+00
  1.498790e-07  5.563360e-08 -4.806550e-14 -9.653770e-16  0.000000e+00  0.000000e+00  2.827480e-08  0.000000e+00  0.000000e+00
  1.421550e-07  4.961050e-08 -4.550120e-14 -8.543860e-16  0.000000e+00  0.000000e+00  2.680590e-08  0.000000e+00  0.000000e+00
  1.342880e-07  4.390600e-08 -4.290340e-14 -7.508110e-16  0.000000e+00  0.000000e+00  2.531090e-08  0.000000e+00  0.000000e+00
  1.262860e-07  3.852530e-08 -4.027440e-14 -6.544530e-16  0.000000e+00  0.000000e+00  2.379120e-08  0.000000e+00  0.000000e+00
  1.181570e-07  3.347370e-08 -3.761640e-14 -5.652660e-16  0.000000e+00  0.000000e+00  2.224870e-08  0.000000e+00  0.000000e+00
  1.099080e-07  2.875630e-08 -3.493140e-14 -4.830650e-16  0.000000e+00  0.000000e+00  2.068480e-08  0.000000e+00  0.000000e+00
  1.015480e-07  2.437800e-08 -3.222180e-14 -4.077370e-16  0.000000e+00  0.000000e+00  1.910120e-08  0.000000e+00  0.000000e+00
  9.308490e-08  2.034410e-08 -2.948960e-14 -3.392230e-16  0.000000e+00  0.000000e+00  1.749950e-08  0.000000e+00  0.000000e+00
  8.451890e-08  1.667720e-08 -2.673880e-14 -2.770120e-16  0.000000e+00  0.000000e+00  1.588210e-08  0.000000e+00  0.000000e+00
  7.585870e-08  1.338120e-08 -2.397160e-14 -2.210140e-16  0.000000e+00  0.000000e+00  1.425050e-08  0.000000e+00  0.000000e+00
  6.712060e-08  1.044120e-08 -2.118820e-14 -1.714660e-16  0.000000e+00  0.000000e+00  1.260560e-08  0.000000e+00  0.000000e+00
  5.831320e-08  7.859820e-09 -1.839050e-14 -1.283760e-16  0.000000e+00  0.000000e+00  1.094880e-08  0.000000e+00  0.000000e+00
  4.944580e-08  5.639700e-09 -1.558070e-14 -9.160870e-17  0.000000e+00  0.000000e+00  9.281830e-09  0.000000e+00  0.000000e+00
  4.052700e-08  3.783430e-09 -1.276080e-14 -6.113160e-17  0.000000e+00  0.000000e+00  7.606160e-09  0.000000e+00  0.000000e+00
  3.156610e-08  2.293600e-09 -9.932800e-15 -3.686010e-17  0.000000e+00  0.000000e+00  5.923390e-09  0.000000e+00  0.000000e+00
  2.257200e-08  1.172650e-09 -7.098690e-15 -1.875190e-17  0.000000e+00  0.000000e+00  4.235040e-09  0.000000e+00  0.000000e+00
  1.355350e-08  4.230210e-10 -4.260480e-15 -6.724860e-18  0.000000e+00  0.000000e+00  2.542660e-09  0.000000e+00  0.000000e+00
  4.519830e-09  4.709880e-11 -1.420270e-15 -7.465360e-19  0.000000e+00  0.000000e+00  8.478500e-10  0.000000e+00  0.000000e+00
