GREEN FUNCTION FOR A HOMOGENEOUS HALF-SPACE                           
9  1   4  98    0.0250    0.9950    0.0100     F
 -0.250016E-08  0.103946E-09  0.000000E+00  0.000000E+00  0.372201E-13  0.378589E-13  0.000000E+00 -0.125619E-12 -0.104985E-13
 -0.348575E-08  0.202094E-09  0.000000E+00  0.000000E+00  0.505041E-13  0.522244E-13  0.000000E+00 -0.172526E-12 -0.202052E-13
 -0.445715E-08  0.330509E-09  0.000000E+00  0.000000E+00  0.626602E-13  0.662483E-13  0.000000E+00 -0.217586E-12 -0.328037E-13
 -0.541069E-08  0.487186E-09  0.000000E+00  0.000000E+00  0.733753E-13  0.797885E-13  0.000000E+00 -0.260173E-12 -0.480152E-13
 -0.634301E-08  0.669729E-09  0.000000E+00  0.000000E+00  0.824071E-13  0.927368E-13  0.000000E+00 -0.299807E-12 -0.655121E-13
 -0.725105E-08  0.875420E-09  0.000000E+00  0.000000E+00  0.895725E-13  0.105004E-12  0.000000E+00 -0.336113E-12 -0.849301E-13
 -0.813212E-08  0.110129E-08  0.000000E+00  0.000000E+00  0.947456E-13  0.116517E-12  0.000000E+00 -0.368803E-12 -0.105881E-12
 -0.898389E-08  0.134418E-08  0.000000E+00  0.000000E+00  0.978569E-13  0.127216E-12  0.000000E+00 -0.397678E-12 -0.127963E-12
 -0.980442E-08  0.160086E-08  0.000000E+00  0.000000E+00  0.988907E-13  0.137056E-12  0.000000E+00 -0.422619E-12 -0.150777E-12
 -0.105922E-07  0.186803E-08  0.000000E+00  0.000000E+00  0.978810E-13  0.146005E-12  0.000000E+00 -0.443589E-12 -0.173933E-12
 -0.113460E-07  0.214246E-08  0.000000E+00  0.000000E+00  0.949070E-13  0.154043E-12  0.000000E+00 -0.460621E-12 -0.197065E-12
 -0.120652E-07  0.242099E-08  0.000000E+00  0.000000E+00  0.900857E-13  0.161163E-12  0.000000E+00 -0.473812E-12 -0.219832E-12
 -0.127492E-07  0.270064E-08  0.000000E+00  0.000000E+00  0.835658E-13  0.167370E-12  0.000000E+00 -0.483314E-12 -0.241932E-12
 -0.133980E-07  0.297858E-08  0.000000E+00  0.000000E+00  0.755198E-13  0.172677E-12  0.000000E+00 -0.489326E-12 -0.263097E-12
 -0.140116E-07  0.325223E-08  0.000000E+00  0.000000E+00  0.661372E-13  0.177108E-12  0.000000E+00 -0.492079E-12 -0.283104E-12
 -0.145907E-07  0.351926E-08  0.000000E+00  0.000000E+00  0.556177E-13  0.180692E-12  0.000000E+00 -0.491834E-12 -0.301773E-12
 -0.151358E-07  0.377758E-08  0.000000E+00  0.000000E+00  0.441642E-13  0.183466E-12  0.000000E+00 -0.488867E-12 -0.318959E-12
 -0.156478E-07  0.402540E-08  0.000000E+00  0.000000E+00  0.319783E-13  0.185471E-12  0.000000E+00 -0.483463E-12 -0.334564E-12
 -0.161276E-07  0.426116E-08  0.000000E+00  0.000000E+00  0.192549E-13  0.186753E-12  0.000000E+00 -0.475910E-12 -0.348521E-12
 -0.165766E-07  0.448360E-08  0.000000E+00  0.000000E+00  0.617893E-14  0.187359E-12  0.000000E+00 -0.466490E-12 -0.360798E-12
 -0.169958E-07  0.469169E-08  0.000000E+00  0.000000E+00 -0.707775E-14  0.187338E-12  0.000000E+00 -0.455479E-12 -0.371394E-12
 -0.173866E-07  0.488466E-08  0.000000E+00  0.000000E+00 -0.203584E-13  0.186741E-12  0.000000E+00 -0.443137E-12 -0.380330E-12
 -0.177504E-07  0.506193E-08  0.000000E+00  0.000000E+00 -0.335227E-13  0.185617E-12  0.000000E+00 -0.429708E-12 -0.387650E-12
 -0.180885E-07  0.522316E-08  0.000000E+00  0.000000E+00 -0.464472E-13  0.184016E-12  0.000000E+00 -0.415419E-12 -0.393417E-12
 -0.184024E-07  0.536815E-08  0.000000E+00  0.000000E+00 -0.590258E-13  0.181986E-12  0.000000E+00 -0.400480E-12 -0.397704E-12
 -0.186934E-07  0.549691E-08  0.000000E+00  0.000000E+00 -0.711686E-13  0.179573E-12  0.000000E+00 -0.385075E-12 -0.400596E-12
 -0.189629E-07  0.560955E-08  0.000000E+00  0.000000E+00 -0.828024E-13  0.176822E-12  0.000000E+00 -0.369373E-12 -0.402187E-12
 -0.192122E-07  0.570632E-08  0.000000E+00  0.000000E+00 -0.938683E-13  0.173773E-12  0.000000E+00 -0.353523E-12 -0.402573E-12
 -0.194426E-07  0.578757E-08  0.000000E+00  0.000000E+00 -0.104322E-12  0.170468E-12  0.000000E+00 -0.337653E-12 -0.401853E-12
 -0.196554E-07  0.585374E-08  0.000000E+00  0.000000E+00 -0.114131E-12  0.166943E-12  0.000000E+00 -0.321876E-12 -0.400125E-12
 -0.198517E-07  0.590532E-08  0.000000E+00  0.000000E+00 -0.123274E-12  0.163231E-12  0.000000E+00 -0.306286E-12 -0.397489E-12
 -0.200327E-07  0.594289E-08  0.000000E+00  0.000000E+00 -0.131740E-12  0.159365E-12  0.000000E+00 -0.290962E-12 -0.394039E-12
 -0.201994E-07  0.596703E-08  0.000000E+00  0.000000E+00 -0.139526E-12  0.155373E-12  0.000000E+00 -0.275971E-12 -0.389863E-12
 -0.203529E-07  0.597837E-08  0.000000E+00  0.000000E+00 -0.146638E-12  0.151283E-12  0.000000E+00 -0.261368E-12 -0.385056E-12
 -0.204942E-07  0.597758E-08  0.000000E+00  0.000000E+00 -0.153086E-12  0.147118E-12  0.000000E+00 -0.247194E-12 -0.379696E-12
 -0.206241E-07  0.596531E-08  0.000000E+00  0.000000E+00 -0.158886E-12  0.142901E-12  0.000000E+00 -0.233481E-12 -0.373858E-12
 -0.207435E-07  0.594221E-08  0.000000E+00  0.000000E+00 -0.164058E-12  0.138650E-12  0.000000E+00 -0.220254E-12 -0.367617E-12
 -0.208531E-07  0.590895E-08  0.000000E+00  0.000000E+00 -0.168625E-12  0.134382E-12  0.000000E+00 -0.207528E-12 -0.361036E-12
 -0.209538E-07  0.586618E-08  0.000000E+00  0.000000E+00 -0.172614E-12  0.130115E-12  0.000000E+00 -0.195314E-12 -0.354178E-12
 -0.210462E-07  0.581454E-08  0.000000E+00  0.000000E+00 -0.176051E-12  0.125862E-12  0.000000E+00 -0.183616E-12 -0.347097E-12
 -0.211310E-07  0.575464E-08  0.000000E+00  0.000000E+00 -0.178966E-12  0.121634E-12  0.000000E+00 -0.172433E-12 -0.339844E-12
 -0.212087E-07  0.568709E-08  0.000000E+00  0.000000E+00 -0.181386E-12  0.117443E-12  0.000000E+00 -0.161761E-12 -0.332463E-12
 -0.212799E-07  0.561246E-08  0.000000E+00  0.000000E+00 -0.183342E-12  0.113297E-12  0.000000E+00 -0.151593E-12 -0.324995E-12
 -0.213451E-07  0.553131E-08  0.000000E+00  0.000000E+00 -0.184865E-12  0.109205E-12  0.000000E+00 -0.141919E-12 -0.317477E-12
 -0.214048E-07  0.544418E-08  0.000000E+00  0.000000E+00 -0.185981E-12  0.105173E-12  0.000000E+00 -0.132725E-12 -0.309938E-12
 -0.214594E-07  0.535156E-08  0.000000E+00  0.000000E+00 -0.186720E-12  0.101207E-12  0.000000E+00 -0.123999E-12 -0.302410E-12
 -0.215093E-07  0.525394E-08  0.000000E+00  0.000000E+00 -0.187111E-12  0.973122E-13  0.000000E+00 -0.115725E-12 -0.294917E-12
 -0.215549E-07  0.515178E-08  0.000000E+00  0.000000E+00 -0.187177E-12  0.934919E-13  0.000000E+00 -0.107888E-12 -0.287479E-12
 -0.215966E-07  0.504549E-08  0.000000E+00  0.000000E+00 -0.186948E-12  0.897503E-13  0.000000E+00 -0.100470E-12 -0.280118E-12
 -0.216346E-07  0.493550E-08  0.000000E+00  0.000000E+00 -0.186444E-12  0.860888E-13  0.000000E+00 -0.934552E-13 -0.272845E-12
 -0.216692E-07  0.482218E-08  0.000000E+00  0.000000E+00 -0.185692E-12  0.825099E-13  0.000000E+00 -0.868257E-13 -0.265679E-12
 -0.217008E-07  0.470588E-08  0.000000E+00  0.000000E+00 -0.184712E-12  0.790149E-13  0.000000E+00 -0.805646E-13 -0.258627E-12
 -0.217295E-07  0.458695E-08  0.000000E+00  0.000000E+00 -0.183525E-12  0.756047E-13  0.000000E+00 -0.746551E-13 -0.251702E-12
 -0.217556E-07  0.446570E-08  0.000000E+00  0.000000E+00 -0.182151E-12  0.722801E-13  0.000000E+00 -0.690805E-13 -0.244911E-12
 -0.217793E-07  0.434242E-08  0.000000E+00  0.000000E+00 -0.180608E-12  0.690405E-13  0.000000E+00 -0.638240E-13 -0.238259E-12
 -0.218009E-07  0.421739E-08  0.000000E+00  0.000000E+00 -0.178913E-12  0.658860E-13  0.000000E+00 -0.588697E-13 -0.231752E-12
 -0.218203E-07  0.409085E-08  0.000000E+00  0.000000E+00 -0.177082E-12  0.628164E-13  0.000000E+00 -0.542027E-13 -0.225393E-12
 -0.218379E-07  0.396305E-08  0.000000E+00  0.000000E+00 -0.175133E-12  0.598314E-13  0.000000E+00 -0.498082E-13 -0.219188E-12
 -0.218538E-07  0.383420E-08  0.000000E+00  0.000000E+00 -0.173076E-12  0.569291E-13  0.000000E+00 -0.456711E-13 -0.213134E-12
 -0.218682E-07  0.370452E-08  0.000000E+00  0.000000E+00 -0.170926E-12  0.541092E-13  0.000000E+00 -0.417781E-13 -0.207235E-12
 -0.218810E-07  0.357417E-08  0.000000E+00  0.000000E+00 -0.168694E-12  0.513700E-13  0.000000E+00 -0.381158E-13 -0.201490E-12
 -0.218926E-07  0.344335E-08  0.000000E+00  0.000000E+00 -0.166392E-12  0.487106E-13  0.000000E+00 -0.346717E-13 -0.195900E-12
 -0.219029E-07  0.331221E-08  0.000000E+00  0.000000E+00 -0.164029E-12  0.461288E-13  0.000000E+00 -0.314332E-13 -0.190462E-12
 -0.219121E-07  0.318089E-08  0.000000E+00  0.000000E+00 -0.161616E-12  0.436238E-13  0.000000E+00 -0.283895E-13 -0.185175E-12
 -0.219202E-07  0.304954E-08  0.000000E+00  0.000000E+00 -0.159161E-12  0.411936E-13  0.000000E+00 -0.255292E-13 -0.180039E-12
 -0.219274E-07  0.291828E-08  0.000000E+00  0.000000E+00 -0.156670E-12  0.388365E-13  0.000000E+00 -0.228420E-13 -0.175049E-12
 -0.219337E-07  0.278722E-08  0.000000E+00  0.000000E+00 -0.154152E-12  0.365506E-13  0.000000E+00 -0.203179E-13 -0.170202E-12
 -0.219393E-07  0.265647E-08  0.000000E+00  0.000000E+00 -0.151615E-12  0.343350E-13  0.000000E+00 -0.179480E-13 -0.165500E-12
 -0.219441E-07  0.252613E-08  0.000000E+00  0.000000E+00 -0.149063E-12  0.321871E-13  0.000000E+00 -0.157231E-13 -0.160936E-12
 -0.219482E-07  0.239628E-08  0.000000E+00  0.000000E+00 -0.146501E-12  0.301055E-13  0.000000E+00 -0.136349E-13 -0.156509E-12
 -0.219517E-07  0.226700E-08  0.000000E+00  0.000000E+00 -0.143936E-12  0.280885E-13  0.000000E+00 -0.116755E-13 -0.152214E-12
 -0.219546E-07  0.213837E-08  0.000000E+00  0.000000E+00 -0.141372E-12  0.261342E-13  0.000000E+00 -0.983744E-14 -0.148050E-12
 -0.219570E-07  0.201045E-08  0.000000E+00  0.000000E+00 -0.138813E-12  0.242410E-13  0.000000E+00 -0.811365E-14 -0.144013E-12
 -0.219589E-07  0.188330E-08  0.000000E+00  0.000000E+00 -0.136262E-12  0.224072E-13  0.000000E+00 -0.649751E-14 -0.140099E-12
 -0.219604E-07  0.175697E-08  0.000000E+00  0.000000E+00 -0.133723E-12  0.206308E-13  0.000000E+00 -0.498265E-14 -0.136304E-12
 -0.219615E-07  0.163151E-08  0.000000E+00  0.000000E+00 -0.131199E-12  0.189106E-13  0.000000E+00 -0.356323E-14 -0.132627E-12
 -0.219622E-07  0.150697E-08  0.000000E+00  0.000000E+00 -0.128691E-12  0.172443E-13  0.000000E+00 -0.223357E-14 -0.129062E-12
 -0.219626E-07  0.138339E-08  0.000000E+00  0.000000E+00 -0.126205E-12  0.156311E-13  0.000000E+00 -0.988519E-15 -0.125608E-12
 -0.219627E-07  0.126079E-08  0.000000E+00  0.000000E+00 -0.123741E-12  0.140689E-13  0.000000E+00  0.176955E-15 -0.122261E-12
 -0.219625E-07  0.113921E-08  0.000000E+00  0.000000E+00 -0.121301E-12  0.125562E-13  0.000000E+00  0.126751E-14 -0.119017E-12
 -0.219621E-07  0.101868E-08  0.000000E+00  0.000000E+00 -0.118886E-12  0.110916E-13  0.000000E+00  0.228753E-14 -0.115874E-12
 -0.219614E-07  0.899216E-09  0.000000E+00  0.000000E+00 -0.116500E-12  0.967366E-14  0.000000E+00  0.324118E-14 -0.112829E-12
 -0.219605E-07  0.780840E-09  0.000000E+00  0.000000E+00 -0.114141E-12  0.830080E-14  0.000000E+00  0.413236E-14 -0.109877E-12
 -0.219594E-07  0.663571E-09  0.000000E+00  0.000000E+00 -0.111812E-12  0.697164E-14  0.000000E+00  0.496470E-14 -0.107017E-12
 -0.219581E-07  0.547420E-09  0.000000E+00  0.000000E+00 -0.109513E-12  0.568482E-14  0.000000E+00  0.574165E-14 -0.104244E-12
 -0.219567E-07  0.432404E-09  0.000000E+00  0.000000E+00 -0.107246E-12  0.443908E-14  0.000000E+00  0.646655E-14 -0.101558E-12
 -0.219551E-07  0.318526E-09  0.000000E+00  0.000000E+00 -0.105010E-12  0.323304E-14  0.000000E+00  0.714235E-14 -0.989536E-13
 -0.219534E-07  0.205801E-09  0.000000E+00  0.000000E+00 -0.102808E-12  0.206555E-14  0.000000E+00  0.777202E-14 -0.964299E-13
 -0.219516E-07  0.942280E-10  0.000000E+00  0.000000E+00 -0.100637E-12  0.935275E-15  0.000000E+00  0.835815E-14 -0.939829E-13
 -0.219497E-07 -0.161850E-10  0.000000E+00  0.000000E+00 -0.985009E-13 -0.158894E-15  0.000000E+00  0.890348E-14 -0.916116E-13
 -0.219477E-07 -0.125437E-09  0.000000E+00  0.000000E+00 -0.963980E-13 -0.121813E-14  0.000000E+00  0.941027E-14 -0.893124E-13
 -0.219456E-07 -0.233527E-09  0.000000E+00  0.000000E+00 -0.943293E-13 -0.224355E-14  0.000000E+00  0.988086E-14 -0.870836E-13
 -0.219434E-07 -0.340454E-09  0.000000E+00  0.000000E+00 -0.922936E-13 -0.323619E-14  0.000000E+00  0.103173E-13 -0.849217E-13
 -0.219412E-07 -0.446222E-09  0.000000E+00  0.000000E+00 -0.902924E-13 -0.419718E-14  0.000000E+00  0.107216E-13 -0.828259E-13
 -0.219389E-07 -0.550833E-09  0.000000E+00  0.000000E+00 -0.883244E-13 -0.512746E-14  0.000000E+00  0.110957E-13 -0.807928E-13
 -0.219366E-07 -0.654293E-09  0.000000E+00  0.000000E+00 -0.863902E-13 -0.602804E-14  0.000000E+00  0.114413E-13 -0.788207E-13
 -0.219342E-07 -0.756603E-09  0.000000E+00  0.000000E+00 -0.844901E-13 -0.689990E-14  0.000000E+00  0.117602E-13 -0.769083E-13
 -0.219317E-07 -0.857769E-09  0.000000E+00  0.000000E+00 -0.826225E-13 -0.774385E-14  0.000000E+00  0.120538E-13 -0.750522E-13
9  2   4  90    1.0500    9.9500    0.1000     F
 -0.219179E-06 -0.139410E-07  0.000000E+00  0.000000E+00 -0.729916E-12 -0.119355E-12  0.000000E+00  0.132904E-12 -0.658329E-12
 -0.218924E-06 -0.228609E-07  0.000000E+00  0.000000E+00 -0.577364E-12 -0.178681E-12  0.000000E+00  0.142962E-12 -0.523550E-12
 -0.218682E-06 -0.308019E-07  0.000000E+00  0.000000E+00 -0.451769E-12 -0.221466E-12  0.000000E+00  0.143563E-12 -0.421898E-12
 -0.218461E-06 -0.378801E-07  0.000000E+00  0.000000E+00 -0.348610E-12 -0.252164E-12  0.000000E+00  0.139188E-12 -0.344178E-12
 -0.218264E-06 -0.442060E-07  0.000000E+00  0.000000E+00 -0.263817E-12 -0.273964E-12  0.000000E+00  0.132350E-12 -0.283959E-12
 -0.218089E-06 -0.498786E-07  0.000000E+00  0.000000E+00 -0.193958E-12 -0.289161E-12  0.000000E+00  0.124459E-12 -0.236705E-12
 -0.217935E-06 -0.549840E-07  0.000000E+00  0.000000E+00 -0.136226E-12 -0.299428E-12  0.000000E+00  0.116302E-12 -0.199184E-12
 -0.217799E-06 -0.595964E-07  0.000000E+00  0.000000E+00 -0.883542E-13 -0.305990E-12  0.000000E+00  0.108307E-12 -0.169060E-12
 -0.217679E-06 -0.637790E-07  0.000000E+00  0.000000E+00 -0.485253E-13 -0.309756E-12  0.000000E+00  0.100701E-12 -0.144627E-12
 -0.217573E-06 -0.675857E-07  0.000000E+00  0.000000E+00 -0.152810E-13 -0.311403E-12  0.000000E+00  0.935862E-13 -0.124621E-12
 -0.217478E-06 -0.710625E-07  0.000000E+00  0.000000E+00  0.125473E-13 -0.311444E-12  0.000000E+00  0.870013E-13 -0.108098E-12
 -0.217393E-06 -0.742484E-07  0.000000E+00  0.000000E+00  0.359020E-13 -0.310267E-12  0.000000E+00  0.809443E-13 -0.943385E-13
 -0.217317E-06 -0.771772E-07  0.000000E+00  0.000000E+00  0.555432E-13 -0.308166E-12  0.000000E+00  0.753931E-13 -0.827955E-13
 -0.217249E-06 -0.798775E-07  0.000000E+00  0.000000E+00  0.720893E-13 -0.305372E-12  0.000000E+00  0.703155E-13 -0.730443E-13
 -0.217187E-06 -0.823743E-07  0.000000E+00  0.000000E+00  0.860440E-13 -0.302061E-12  0.000000E+00  0.656747E-13 -0.647533E-13
 -0.217131E-06 -0.846890E-07  0.000000E+00  0.000000E+00  0.978198E-13 -0.298367E-12  0.000000E+00  0.614324E-13 -0.576610E-13
 -0.217079E-06 -0.868403E-07  0.000000E+00  0.000000E+00  0.107757E-12 -0.294398E-12  0.000000E+00  0.575530E-13 -0.515605E-13
 -0.217032E-06 -0.888445E-07  0.000000E+00  0.000000E+00  0.116138E-12 -0.290237E-12  0.000000E+00  0.540016E-13 -0.462851E-13
 -0.216988E-06 -0.907157E-07  0.000000E+00  0.000000E+00  0.123195E-12 -0.285950E-12  0.000000E+00  0.507468E-13 -0.417010E-13
 -0.216948E-06 -0.924665E-07  0.000000E+00  0.000000E+00  0.129123E-12 -0.281587E-12  0.000000E+00  0.477599E-13 -0.376992E-13
 -0.216911E-06 -0.941079E-07  0.000000E+00  0.000000E+00  0.134087E-12 -0.277187E-12  0.000000E+00  0.450146E-13 -0.341905E-13
 -0.216875E-06 -0.956495E-07  0.000000E+00  0.000000E+00  0.138224E-12 -0.272783E-12  0.000000E+00  0.424879E-13 -0.311020E-13
 -0.216843E-06 -0.971001E-07  0.000000E+00  0.000000E+00  0.141649E-12 -0.268398E-12  0.000000E+00  0.401583E-13 -0.283725E-13
 -0.216812E-06 -0.984674E-07  0.000000E+00  0.000000E+00  0.144462E-12 -0.264051E-12  0.000000E+00  0.380072E-13 -0.259518E-13
 -0.216782E-06 -0.997580E-07  0.000000E+00  0.000000E+00  0.146746E-12 -0.259756E-12  0.000000E+00  0.360178E-13 -0.237976E-13
 -0.216755E-06 -0.100978E-06  0.000000E+00  0.000000E+00  0.148573E-12 -0.255527E-12  0.000000E+00  0.341752E-13 -0.218744E-13
 -0.216728E-06 -0.102134E-06  0.000000E+00  0.000000E+00  0.150004E-12 -0.251369E-12  0.000000E+00  0.324658E-13 -0.201522E-13
 -0.216703E-06 -0.103229E-06  0.000000E+00  0.000000E+00  0.151091E-12 -0.247288E-12  0.000000E+00  0.308774E-13 -0.186052E-13
 -0.216679E-06 -0.104269E-06  0.000000E+00  0.000000E+00  0.151880E-12 -0.243291E-12  0.000000E+00  0.293995E-13 -0.172122E-13
 -0.216655E-06 -0.105257E-06  0.000000E+00  0.000000E+00  0.152408E-12 -0.239377E-12  0.000000E+00  0.280222E-13 -0.159542E-13
 -0.216633E-06 -0.106198E-06  0.000000E+00  0.000000E+00  0.152713E-12 -0.235554E-12  0.000000E+00  0.267374E-13 -0.148156E-13
 -0.216611E-06 -0.107094E-06  0.000000E+00  0.000000E+00  0.152820E-12 -0.231816E-12  0.000000E+00  0.255365E-13 -0.137823E-13
 -0.216590E-06 -0.107949E-06  0.000000E+00  0.000000E+00  0.152758E-12 -0.228169E-12  0.000000E+00  0.244132E-13 -0.128428E-13
 -0.216570E-06 -0.108764E-06  0.000000E+00  0.000000E+00  0.152546E-12 -0.224609E-12  0.000000E+00  0.233607E-13 -0.119864E-13
 -0.216549E-06 -0.109544E-06  0.000000E+00  0.000000E+00  0.152205E-12 -0.221134E-12  0.000000E+00  0.223734E-13 -0.112043E-13
 -0.216530E-06 -0.110290E-06  0.000000E+00  0.000000E+00  0.151751E-12 -0.217746E-12  0.000000E+00  0.214462E-13 -0.104885E-13
 -0.216511E-06 -0.111004E-06  0.000000E+00  0.000000E+00  0.151200E-12 -0.214443E-12  0.000000E+00  0.205744E-13 -0.983232E-14
 -0.216492E-06 -0.111688E-06  0.000000E+00  0.000000E+00  0.150563E-12 -0.211220E-12  0.000000E+00  0.197536E-13 -0.922948E-14
 -0.216473E-06 -0.112344E-06  0.000000E+00  0.000000E+00  0.149854E-12 -0.208080E-12  0.000000E+00  0.189803E-13 -0.867489E-14
 -0.216455E-06 -0.112974E-06  0.000000E+00  0.000000E+00  0.149083E-12 -0.205020E-12  0.000000E+00  0.182508E-13 -0.816376E-14
 -0.216436E-06 -0.113579E-06  0.000000E+00  0.000000E+00  0.148255E-12 -0.202035E-12  0.000000E+00  0.175618E-13 -0.769183E-14
 -0.216418E-06 -0.114160E-06  0.000000E+00  0.000000E+00  0.147382E-12 -0.199126E-12  0.000000E+00  0.169106E-13 -0.725557E-14
 -0.216401E-06 -0.114719E-06  0.000000E+00  0.000000E+00  0.146468E-12 -0.196289E-12  0.000000E+00  0.162943E-13 -0.685154E-14
 -0.216383E-06 -0.115257E-06  0.000000E+00  0.000000E+00  0.145521E-12 -0.193524E-12  0.000000E+00  0.157107E-13 -0.647692E-14
 -0.216365E-06 -0.115776E-06  0.000000E+00  0.000000E+00  0.144547E-12 -0.190828E-12  0.000000E+00  0.151576E-13 -0.612909E-14
 -0.216348E-06 -0.116275E-06  0.000000E+00  0.000000E+00  0.143548E-12 -0.188198E-12  0.000000E+00  0.146327E-13 -0.580562E-14
 -0.216330E-06 -0.116757E-06  0.000000E+00  0.000000E+00  0.142530E-12 -0.185634E-12  0.000000E+00  0.141344E-13 -0.550451E-14
 -0.216313E-06 -0.117222E-06  0.000000E+00  0.000000E+00  0.141496E-12 -0.183131E-12  0.000000E+00  0.136607E-13 -0.522379E-14
 -0.216296E-06 -0.117671E-06  0.000000E+00  0.000000E+00  0.140449E-12 -0.180688E-12  0.000000E+00  0.132100E-13 -0.496175E-14
 -0.216278E-06 -0.118104E-06  0.000000E+00  0.000000E+00  0.139393E-12 -0.178306E-12  0.000000E+00  0.127811E-13 -0.471696E-14
 -0.216261E-06 -0.118523E-06  0.000000E+00  0.000000E+00  0.138330E-12 -0.175980E-12  0.000000E+00  0.123725E-13 -0.448796E-14
 -0.216244E-06 -0.118928E-06  0.000000E+00  0.000000E+00  0.137262E-12 -0.173710E-12  0.000000E+00  0.119830E-13 -0.427352E-14
 -0.216226E-06 -0.119320E-06  0.000000E+00  0.000000E+00  0.136192E-12 -0.171494E-12  0.000000E+00  0.116114E-13 -0.407250E-14
 -0.216209E-06 -0.119699E-06  0.000000E+00  0.000000E+00  0.135120E-12 -0.169330E-12  0.000000E+00  0.112567E-13 -0.388386E-14
 -0.216191E-06 -0.120066E-06  0.000000E+00  0.000000E+00  0.134050E-12 -0.167217E-12  0.000000E+00  0.109178E-13 -0.370668E-14
 -0.216173E-06 -0.120422E-06  0.000000E+00  0.000000E+00  0.132981E-12 -0.165151E-12  0.000000E+00  0.105938E-13 -0.354007E-14
 -0.216156E-06 -0.120767E-06  0.000000E+00  0.000000E+00  0.131916E-12 -0.163134E-12  0.000000E+00  0.102839E-13 -0.338330E-14
 -0.216138E-06 -0.121101E-06  0.000000E+00  0.000000E+00  0.130854E-12 -0.161160E-12  0.000000E+00  0.998717E-14 -0.323560E-14
 -0.216120E-06 -0.121425E-06  0.000000E+00  0.000000E+00  0.129799E-12 -0.159233E-12  0.000000E+00  0.970309E-14 -0.309638E-14
 -0.216102E-06 -0.121739E-06  0.000000E+00  0.000000E+00  0.128749E-12 -0.157348E-12  0.000000E+00  0.943081E-14 -0.296501E-14
 -0.216084E-06 -0.122045E-06  0.000000E+00  0.000000E+00  0.127706E-12 -0.155505E-12  0.000000E+00  0.916972E-14 -0.284095E-14
 -0.216066E-06 -0.122341E-06  0.000000E+00  0.000000E+00  0.126671E-12 -0.153702E-12  0.000000E+00  0.891923E-14 -0.272370E-14
 -0.216048E-06 -0.122629E-06  0.000000E+00  0.000000E+00  0.125643E-12 -0.151938E-12  0.000000E+00  0.867871E-14 -0.261278E-14
 -0.216030E-06 -0.122908E-06  0.000000E+00  0.000000E+00  0.124625E-12 -0.150214E-12  0.000000E+00  0.844785E-14 -0.250783E-14
 -0.216011E-06 -0.123180E-06  0.000000E+00  0.000000E+00  0.123615E-12 -0.148525E-12  0.000000E+00  0.822592E-14 -0.240840E-14
 -0.215992E-06 -0.123445E-06  0.000000E+00  0.000000E+00  0.122613E-12 -0.146870E-12  0.000000E+00  0.801245E-14 -0.231411E-14
 -0.215974E-06 -0.123701E-06  0.000000E+00  0.000000E+00  0.121622E-12 -0.145253E-12  0.000000E+00  0.780725E-14 -0.222471E-14
 -0.215955E-06 -0.123951E-06  0.000000E+00  0.000000E+00  0.120642E-12 -0.143669E-12  0.000000E+00  0.760977E-14 -0.213984E-14
 -0.215936E-06 -0.124195E-06  0.000000E+00  0.000000E+00  0.119670E-12 -0.142117E-12  0.000000E+00  0.741957E-14 -0.205921E-14
 -0.215916E-06 -0.124432E-06  0.000000E+00  0.000000E+00  0.118709E-12 -0.140598E-12  0.000000E+00  0.723640E-14 -0.198259E-14
 -0.215897E-06 -0.124662E-06  0.000000E+00  0.000000E+00  0.117758E-12 -0.139108E-12  0.000000E+00  0.705980E-14 -0.190969E-14
 -0.215878E-06 -0.124887E-06  0.000000E+00  0.000000E+00  0.116817E-12 -0.137648E-12  0.000000E+00  0.688956E-14 -0.184032E-14
 -0.215858E-06 -0.125105E-06  0.000000E+00  0.000000E+00  0.115888E-12 -0.136219E-12  0.000000E+00  0.672543E-14 -0.177429E-14
 -0.215838E-06 -0.125318E-06  0.000000E+00  0.000000E+00  0.114967E-12 -0.134815E-12  0.000000E+00  0.656690E-14 -0.171132E-14
 -0.215818E-06 -0.125526E-06  0.000000E+00  0.000000E+00  0.114058E-12 -0.133441E-12  0.000000E+00  0.641397E-14 -0.165133E-14
 -0.215798E-06 -0.125728E-06  0.000000E+00  0.000000E+00  0.113161E-12 -0.132094E-12  0.000000E+00  0.626632E-14 -0.159411E-14
 -0.215778E-06 -0.125926E-06  0.000000E+00  0.000000E+00  0.112273E-12 -0.130771E-12  0.000000E+00  0.612359E-14 -0.153947E-14
 -0.215757E-06 -0.126118E-06  0.000000E+00  0.000000E+00  0.111394E-12 -0.129473E-12  0.000000E+00  0.598562E-14 -0.148729E-14
 -0.215737E-06 -0.126306E-06  0.000000E+00  0.000000E+00  0.110528E-12 -0.128202E-12  0.000000E+00  0.585231E-14 -0.143746E-14
 -0.215716E-06 -0.126489E-06  0.000000E+00  0.000000E+00  0.109671E-12 -0.126952E-12  0.000000E+00  0.572327E-14 -0.138980E-14
 -0.215695E-06 -0.126668E-06  0.000000E+00  0.000000E+00  0.108825E-12 -0.125727E-12  0.000000E+00  0.559849E-14 -0.134424E-14
 -0.215674E-06 -0.126842E-06  0.000000E+00  0.000000E+00  0.107990E-12 -0.124525E-12  0.000000E+00  0.547772E-14 -0.130064E-14
 -0.215652E-06 -0.127012E-06  0.000000E+00  0.000000E+00  0.107164E-12 -0.123344E-12  0.000000E+00  0.536076E-14 -0.125890E-14
 -0.215631E-06 -0.127178E-06  0.000000E+00  0.000000E+00  0.106348E-12 -0.122184E-12  0.000000E+00  0.524745E-14 -0.121892E-14
 -0.215609E-06 -0.127341E-06  0.000000E+00  0.000000E+00  0.105543E-12 -0.121046E-12  0.000000E+00  0.513774E-14 -0.118062E-14
 -0.215587E-06 -0.127499E-06  0.000000E+00  0.000000E+00  0.104746E-12 -0.119926E-12  0.000000E+00  0.503128E-14 -0.114387E-14
 -0.215565E-06 -0.127654E-06  0.000000E+00  0.000000E+00  0.103961E-12 -0.118828E-12  0.000000E+00  0.492819E-14 -0.110866E-14
 -0.215543E-06 -0.127805E-06  0.000000E+00  0.000000E+00  0.103185E-12 -0.117749E-12  0.000000E+00  0.482817E-14 -0.107487E-14
 -0.215520E-06 -0.127953E-06  0.000000E+00  0.000000E+00  0.102418E-12 -0.116687E-12  0.000000E+00  0.473111E-14 -0.104243E-14
 -0.215498E-06 -0.128097E-06  0.000000E+00  0.000000E+00  0.101661E-12 -0.115645E-12  0.000000E+00  0.463695E-14 -0.101127E-14
9  3   4 160   10.2500   89.7500    0.5000     F
 -0.107714E-05 -0.642554E-06  0.000000E+00  0.000000E+00  0.497326E-12 -0.563222E-12  0.000000E+00  0.218573E-13 -0.462559E-14
 -0.107655E-05 -0.645706E-06  0.000000E+00  0.000000E+00  0.479752E-12 -0.539651E-12  0.000000E+00  0.198771E-13 -0.400862E-14
 -0.107593E-05 -0.648529E-06  0.000000E+00  0.000000E+00  0.463232E-12 -0.517912E-12  0.000000E+00  0.181523E-13 -0.349637E-14
 -0.107528E-05 -0.651062E-06  0.000000E+00  0.000000E+00  0.447692E-12 -0.497802E-12  0.000000E+00  0.166409E-13 -0.306756E-14
 -0.107461E-05 -0.653338E-06  0.000000E+00  0.000000E+00  0.433062E-12 -0.479149E-12  0.000000E+00  0.153093E-13 -0.270589E-14
 -0.107392E-05 -0.655385E-06  0.000000E+00  0.000000E+00  0.419271E-12 -0.461797E-12  0.000000E+00  0.141300E-13 -0.239872E-14
 -0.107319E-05 -0.657227E-06  0.000000E+00  0.000000E+00  0.406256E-12 -0.445614E-12  0.000000E+00  0.130807E-13 -0.213615E-14
 -0.107245E-05 -0.658885E-06  0.000000E+00  0.000000E+00  0.393961E-12 -0.430490E-12  0.000000E+00  0.121430E-13 -0.191042E-14
 -0.107167E-05 -0.660376E-06  0.000000E+00  0.000000E+00  0.382329E-12 -0.416321E-12  0.000000E+00  0.113017E-13 -0.171525E-14
 -0.107087E-05 -0.661714E-06  0.000000E+00  0.000000E+00  0.371315E-12 -0.403022E-12  0.000000E+00  0.105440E-13 -0.154568E-14
  0.000000E+00  0.000000E+00  0.000000E+00  0.000000E+00  0.000000E+00  0.000000E+00  0.000000E+00  0.000000E+00  0.000000E+00
  0.000000E+00  0.000000E+00  0.000000E+00  0.000000E+00  0.000000E+00  0.000000E+00  0.000000E+00  0.000000E+00  0.000000E+00
  0.000000E+00  0.000000E+00  0.000000E+00  0.000000E+00  0.000000E+00  0.000000E+00  0.000000E+00  0.000000E+00  0.000000E+00
  0.000000E+00  0.000000E+00  0.000000E+00  0.000000E+00  0.000000E+00  0.000000E+00  0.000000E+00  0.000000E+00  0.000000E+00
  0.000000E+00  0.000000E+00  0.000000E+00  0.000000E+00  0.000000E+00  0.000000E+00  0.000000E+00  0.000000E+00  0.000000E+00
  0.000000E+00  0.000000E+00  0.000000E+00  0.000000E+00  0.000000E+00  0.000000E+00  0.000000E+00  0.000000E+00  0.000000E+00
  0.000000E+00  0.000000E+00  0.000000E+00  0.000000E+00  0.000000E+00  0.000000E+00  0.000000E+00  0.000000E+00  0.000000E+00
  0.000000E+00  0.000000E+00  0.000000E+00  0.000000E+00  0.000000E+00  0.000000E+00  0.000000E+00  0.000000E+00  0.000000E+00
  0.000000E+00  0.000000E+00  0.000000E+00  0.000000E+00  0.000000E+00  0.000000E+00  0.000000E+00  0.000000E+00  0.000000E+00
  0.000000E+00  0.000000E+00  0.000000E+00  0.000000E+00  0.000000E+00  0.000000E+00  0.000000E+00  0.000000E+00  0.000000E+00
  0.000000E+00  0.000000E+00  0.000000E+00  0.000000E+00  0.000000E+00  0.000000E+00  0.000000E+00  0.000000E+00  0.000000E+00
  0.000000E+00  0.000000E+00  0.000000E+00  0.000000E+00  0.000000E+00  0.000000E+00  0.000000E+00  0.000000E+00  0.000000E+00
  0.000000E+00  0.000000E+00  0.000000E+00  0.000000E+00  0.000000E+00  0.000000E+00  0.000000E+00  0.000000E+00  0.000000E+00
  0.000000E+00  0.000000E+00  0.000000E+00  0.000000E+00  0.000000E+00  0.000000E+00  0.000000E+00  0.000000E+00  0.000000E+00
  0.000000E+00  0.000000E+00  0.000000E+00  0.000000E+00  0.000000E+00  0.000000E+00  0.000000E+00  0.000000E+00  0.000000E+00
  0.000000E+00  0.000000E+00  0.000000E+00  0.000000E+00  0.000000E+00  0.000000E+00  0.000000E+00  0.000000E+00  0.000000E+00
  0.000000E+00  0.000000E+00  0.000000E+00  0.000000E+00  0.000000E+00  0.000000E+00  0.000000E+00  0.000000E+00  0.000000E+00
  0.000000E+00  0.000000E+00  0.000000E+00  0.000000E+00  0.000000E+00  0.000000E+00  0.000000E+00  0.000000E+00  0.000000E+00
  0.000000E+00  0.000000E+00  0.000000E+00  0.000000E+00  0.000000E+00  0.000000E+00  0.000000E+00  0.000000E+00  0.000000E+00
  0.000000E+00  0.000000E+00  0.000000E+00  0.000000E+00  0.000000E+00  0.000000E+00  0.000000E+00  0.000000E+00  0.000000E+00
  0.000000E+00  0.000000E+00  0.000000E+00  0.000000E+00  0.000000E+00  0.000000E+00  0.000000E+00  0.000000E+00  0.000000E+00
  0.000000E+00  0.000000E+00  0.000000E+00  0.000000E+00  0.000000E+00  0.000000E+00  0.000000E+00  0.000000E+00  0.000000E+00
  0.000000E+00  0.000000E+00  0.000000E+00  0.000000E+00  0.000000E+00  0.000000E+00  0.000000E+00  0.000000E+00  0.000000E+00
  0.000000E+00  0.000000E+00  0.000000E+00  0.000000E+00  0.000000E+00  0.000000E+00  0.000000E+00  0.000000E+00  0.000000E+00
  0.000000E+00  0.000000E+00  0.000000E+00  0.000000E+00  0.000000E+00  0.000000E+00  0.000000E+00  0.000000E+00  0.000000E+00
  0.000000E+00  0.000000E+00  0.000000E+00  0.000000E+00  0.000000E+00  0.000000E+00  0.000000E+00  0.000000E+00  0.000000E+00
  0.000000E+00  0.000000E+00  0.000000E+00  0.000000E+00  0.000000E+00  0.000000E+00  0.000000E+00  0.000000E+00  0.000000E+00
  0.000000E+00  0.000000E+00  0.000000E+00  0.000000E+00  0.000000E+00  0.000000E+00  0.000000E+00  0.000000E+00  0.000000E+00
  0.000000E+00  0.000000E+00  0.000000E+00  0.000000E+00  0.000000E+00  0.000000E+00  0.000000E+00  0.000000E+00  0.000000E+00
  0.000000E+00  0.000000E+00  0.000000E+00  0.000000E+00  0.000000E+00  0.000000E+00  0.000000E+00  0.000000E+00  0.000000E+00
  0.000000E+00  0.000000E+00  0.000000E+00  0.000000E+00  0.000000E+00  0.000000E+00  0.000000E+00  0.000000E+00  0.000000E+00
  0.000000E+00  0.000000E+00  0.000000E+00  0.000000E+00  0.000000E+00  0.000000E+00  0.000000E+00  0.000000E+00  0.000000E+00
  0.000000E+00  0.000000E+00  0.000000E+00  0.000000E+00  0.000000E+00  0.000000E+00  0.000000E+00  0.000000E+00  0.000000E+00
  0.000000E+00  0.000000E+00  0.000000E+00  0.000000E+00  0.000000E+00  0.000000E+00  0.000000E+00  0.000000E+00  0.000000E+00
  0.000000E+00  0.000000E+00  0.000000E+00  0.000000E+00  0.000000E+00  0.000000E+00  0.000000E+00  0.000000E+00  0.000000E+00
  0.000000E+00  0.000000E+00  0.000000E+00  0.000000E+00  0.000000E+00  0.000000E+00  0.000000E+00  0.000000E+00  0.000000E+00
  0.000000E+00  0.000000E+00  0.000000E+00  0.000000E+00  0.000000E+00  0.000000E+00  0.000000E+00  0.000000E+00  0.000000E+00
  0.000000E+00  0.000000E+00  0.000000E+00  0.000000E+00  0.000000E+00  0.000000E+00  0.000000E+00  0.000000E+00  0.000000E+00
  0.000000E+00  0.000000E+00  0.000000E+00  0.000000E+00  0.000000E+00  0.000000E+00  0.000000E+00  0.000000E+00  0.000000E+00
  0.000000E+00  0.000000E+00  0.000000E+00  0.000000E+00  0.000000E+00  0.000000E+00  0.000000E+00  0.000000E+00  0.000000E+00
  0.000000E+00  0.000000E+00  0.000000E+00  0.000000E+00  0.000000E+00  0.000000E+00  0.000000E+00  0.000000E+00  0.000000E+00
  0.000000E+00  0.000000E+00  0.000000E+00  0.000000E+00  0.000000E+00  0.000000E+00  0.000000E+00  0.000000E+00  0.000000E+00
  0.000000E+00  0.000000E+00  0.000000E+00  0.000000E+00  0.000000E+00  0.000000E+00  0.000000E+00  0.000000E+00  0.000000E+00
  0.000000E+00  0.000000E+00  0.000000E+00  0.000000E+00  0.000000E+00  0.000000E+00  0.000000E+00  0.000000E+00  0.000000E+00
  0.000000E+00  0.000000E+00  0.000000E+00  0.000000E+00  0.000000E+00  0.000000E+00  0.000000E+00  0.000000E+00  0.000000E+00
  0.000000E+00  0.000000E+00  0.000000E+00  0.000000E+00  0.000000E+00  0.000000E+00  0.000000E+00  0.000000E+00  0.000000E+00
  0.000000E+00  0.000000E+00  0.000000E+00  0.000000E+00  0.000000E+00  0.000000E+00  0.000000E+00  0.000000E+00  0.000000E+00
  0.000000E+00  0.000000E+00  0.000000E+00  0.000000E+00  0.000000E+00  0.000000E+00  0.000000E+00  0.000000E+00  0.000000E+00
  0.000000E+00  0.000000E+00  0.000000E+00  0.000000E+00  0.000000E+00  0.000000E+00  0.000000E+00  0.000000E+00  0.000000E+00
  0.000000E+00  0.000000E+00  0.000000E+00  0.000000E+00  0.000000E+00  0.000000E+00  0.000000E+00  0.000000E+00  0.000000E+00
  0.000000E+00  0.000000E+00  0.000000E+00  0.000000E+00  0.000000E+00  0.000000E+00  0.000000E+00  0.000000E+00  0.000000E+00
  0.000000E+00  0.000000E+00  0.000000E+00  0.000000E+00  0.000000E+00  0.000000E+00  0.000000E+00  0.000000E+00  0.000000E+00
  0.000000E+00  0.000000E+00  0.000000E+00  0.000000E+00  0.000000E+00  0.000000E+00  0.000000E+00  0.000000E+00  0.000000E+00
  0.000000E+00  0.000000E+00  0.000000E+00  0.000000E+00  0.000000E+00  0.000000E+00  0.000000E+00  0.000000E+00  0.000000E+00
  0.000000E+00  0.000000E+00  0.000000E+00  0.000000E+00  0.000000E+00  0.000000E+00  0.000000E+00  0.000000E+00  0.000000E+00
  0.000000E+00  0.000000E+00  0.000000E+00  0.000000E+00  0.000000E+00  0.000000E+00  0.000000E+00  0.000000E+00  0.000000E+00
  0.000000E+00  0.000000E+00  0.000000E+00  0.000000E+00  0.000000E+00  0.000000E+00  0.000000E+00  0.000000E+00  0.000000E+00
  0.000000E+00  0.000000E+00  0.000000E+00  0.000000E+00  0.000000E+00  0.000000E+00  0.000000E+00  0.000000E+00  0.000000E+00
  0.000000E+00  0.000000E+00  0.000000E+00  0.000000E+00  0.000000E+00  0.000000E+00  0.000000E+00  0.000000E+00  0.000000E+00
  0.000000E+00  0.000000E+00  0.000000E+00  0.000000E+00  0.000000E+00  0.000000E+00  0.000000E+00  0.000000E+00  0.000000E+00
  0.000000E+00  0.000000E+00  0.000000E+00  0.000000E+00  0.000000E+00  0.000000E+00  0.000000E+00  0.000000E+00  0.000000E+00
  0.000000E+00  0.000000E+00  0.000000E+00  0.000000E+00  0.000000E+00  0.000000E+00  0.000000E+00  0.000000E+00  0.000000E+00
  0.000000E+00  0.000000E+00  0.000000E+00  0.000000E+00  0.000000E+00  0.000000E+00  0.000000E+00  0.000000E+00  0.000000E+00
  0.000000E+00  0.000000E+00  0.000000E+00  0.000000E+00  0.000000E+00  0.000000E+00  0.000000E+00  0.000000E+00  0.000000E+00
  0.000000E+00  0.000000E+00  0.000000E+00  0.000000E+00  0.000000E+00  0.000000E+00  0.000000E+00  0.000000E+00  0.000000E+00
  0.000000E+00  0.000000E+00  0.000000E+00  0.000000E+00  0.000000E+00  0.000000E+00  0.000000E+00  0.000000E+00  0.000000E+00
  0.000000E+00  0.000000E+00  0.000000E+00  0.000000E+00  0.000000E+00  0.000000E+00  0.000000E+00  0.000000E+00  0.000000E+00
  0.000000E+00  0.000000E+00  0.000000E+00  0.000000E+00  0.000000E+00  0.000000E+00  0.000000E+00  0.000000E+00  0.000000E+00
  0.000000E+00  0.000000E+00  0.000000E+00  0.000000E+00  0.000000E+00  0.000000E+00  0.000000E+00  0.000000E+00  0.000000E+00
  0.000000E+00  0.000000E+00  0.000000E+00  0.000000E+00  0.000000E+00  0.000000E+00  0.000000E+00  0.000000E+00  0.000000E+00
  0.000000E+00  0.000000E+00  0.000000E+00  0.000000E+00  0.000000E+00  0.000000E+00  0.000000E+00  0.000000E+00  0.000000E+00
  0.000000E+00  0.000000E+00  0.000000E+00  0.000000E+00  0.000000E+00  0.000000E+00  0.000000E+00  0.000000E+00  0.000000E+00
  0.000000E+00  0.000000E+00  0.000000E+00  0.000000E+00  0.000000E+00  0.000000E+00  0.000000E+00  0.000000E+00  0.000000E+00
  0.000000E+00  0.000000E+00  0.000000E+00  0.000000E+00  0.000000E+00  0.000000E+00  0.000000E+00  0.000000E+00  0.000000E+00
  0.000000E+00  0.000000E+00  0.000000E+00  0.000000E+00  0.000000E+00  0.000000E+00  0.000000E+00  0.000000E+00  0.000000E+00
  0.000000E+00  0.000000E+00  0.000000E+00  0.000000E+00  0.000000E+00  0.000000E+00  0.000000E+00  0.000000E+00  0.000000E+00
  0.000000E+00  0.000000E+00  0.000000E+00  0.000000E+00  0.000000E+00  0.000000E+00  0.000000E+00  0.000000E+00  0.000000E+00
  0.000000E+00  0.000000E+00  0.000000E+00  0.000000E+00  0.000000E+00  0.000000E+00  0.000000E+00  0.000000E+00  0.000000E+00
  0.000000E+00  0.000000E+00  0.000000E+00  0.000000E+00  0.000000E+00  0.000000E+00  0.000000E+00  0.000000E+00  0.000000E+00
  0.000000E+00  0.000000E+00  0.000000E+00  0.000000E+00  0.000000E+00  0.000000E+00  0.000000E+00  0.000000E+00  0.000000E+00
  0.000000E+00  0.000000E+00  0.000000E+00  0.000000E+00  0.000000E+00  0.000000E+00  0.000000E+00  0.000000E+00  0.000000E+00
  0.000000E+00  0.000000E+00  0.000000E+00  0.000000E+00  0.000000E+00  0.000000E+00  0.000000E+00  0.000000E+00  0.000000E+00
  0.000000E+00  0.000000E+00  0.000000E+00  0.000000E+00  0.000000E+00  0.000000E+00  0.000000E+00  0.000000E+00  0.000000E+00
  0.000000E+00  0.000000E+00  0.000000E+00  0.000000E+00  0.000000E+00  0.000000E+00  0.000000E+00  0.000000E+00  0.000000E+00
  0.000000E+00  0.000000E+00  0.000000E+00  0.000000E+00  0.000000E+00  0.000000E+00  0.000000E+00  0.000000E+00  0.000000E+00
  0.000000E+00  0.000000E+00  0.000000E+00  0.000000E+00  0.000000E+00  0.000000E+00  0.000000E+00  0.000000E+00  0.000000E+00
  0.000000E+00  0.000000E+00  0.000000E+00  0.000000E+00  0.000000E+00  0.000000E+00  0.000000E+00  0.000000E+00  0.000000E+00
  0.000000E+00  0.000000E+00  0.000000E+00  0.000000E+00  0.000000E+00  0.000000E+00  0.000000E+00  0.000000E+00  0.000000E+00
  0.000000E+00  0.000000E+00  0.000000E+00  0.000000E+00  0.000000E+00  0.000000E+00  0.000000E+00  0.000000E+00  0.000000E+00
  0.000000E+00  0.000000E+00  0.000000E+00  0.000000E+00  0.000000E+00  0.000000E+00  0.000000E+00  0.000000E+00  0.000000E+00
  0.000000E+00  0.000000E+00  0.000000E+00  0.000000E+00  0.000000E+00  0.000000E+00  0.000000E+00  0.000000E+00  0.000000E+00
  0.000000E+00  0.000000E+00  0.000000E+00  0.000000E+00  0.000000E+00  0.000000E+00  0.000000E+00  0.000000E+00  0.000000E+00
  0.000000E+00  0.000000E+00  0.000000E+00  0.000000E+00  0.000000E+00  0.000000E+00  0.000000E+00  0.000000E+00  0.000000E+00
  0.000000E+00  0.000000E+00  0.000000E+00  0.000000E+00  0.000000E+00  0.000000E+00  0.000000E+00  0.000000E+00  0.000000E+00
  0.000000E+00  0.000000E+00  0.000000E+00  0.000000E+00  0.000000E+00  0.000000E+00  0.000000E+00  0.000000E+00  0.000000E+00
  0.000000E+00  0.000000E+00  0.000000E+00  0.000000E+00  0.000000E+00  0.000000E+00  0.000000E+00  0.000000E+00  0.000000E+00
  0.000000E+00  0.000000E+00  0.000000E+00  0.000000E+00  0.000000E+00  0.000000E+00  0.000000E+00  0.000000E+00  0.000000E+00
  0.000000E+00  0.000000E+00  0.000000E+00  0.000000E+00  0.000000E+00  0.000000E+00  0.000000E+00  0.000000E+00  0.000000E+00
  0.000000E+00  0.000000E+00  0.000000E+00  0.000000E+00  0.000000E+00  0.000000E+00  0.000000E+00  0.000000E+00  0.000000E+00
  0.000000E+00  0.000000E+00  0.000000E+00  0.000000E+00  0.000000E+00  0.000000E+00  0.000000E+00  0.000000E+00  0.000000E+00
  0.000000E+00  0.000000E+00  0.000000E+00  0.000000E+00  0.000000E+00  0.000000E+00  0.000000E+00  0.000000E+00  0.000000E+00
  0.000000E+00  0.000000E+00  0.000000E+00  0.000000E+00  0.000000E+00  0.000000E+00  0.000000E+00  0.000000E+00  0.000000E+00
  0.000000E+00  0.000000E+00  0.000000E+00  0.000000E+00  0.000000E+00  0.000000E+00  0.000000E+00  0.000000E+00  0.000000E+00
  0.000000E+00  0.000000E+00  0.000000E+00  0.000000E+00  0.000000E+00  0.000000E+00  0.000000E+00  0.000000E+00  0.000000E+00
  0.000000E+00  0.000000E+00  0.000000E+00  0.000000E+00  0.000000E+00  0.000000E+00  0.000000E+00  0.000000E+00  0.000000E+00
  0.000000E+00  0.000000E+00  0.000000E+00  0.000000E+00  0.000000E+00  0.000000E+00  0.000000E+00  0.000000E+00  0.000000E+00
  0.000000E+00  0.000000E+00  0.000000E+00  0.000000E+00  0.000000E+00  0.000000E+00  0.000000E+00  0.000000E+00  0.000000E+00
  0.000000E+00  0.000000E+00  0.000000E+00  0.000000E+00  0.000000E+00  0.000000E+00  0.000000E+00  0.000000E+00  0.000000E+00
  0.000000E+00  0.000000E+00  0.000000E+00  0.000000E+00  0.000000E+00  0.000000E+00  0.000000E+00  0.000000E+00  0.000000E+00
  0.000000E+00  0.000000E+00  0.000000E+00  0.000000E+00  0.000000E+00  0.000000E+00  0.000000E+00  0.000000E+00  0.000000E+00
  0.000000E+00  0.000000E+00  0.000000E+00  0.000000E+00  0.000000E+00  0.000000E+00  0.000000E+00  0.000000E+00  0.000000E+00
  0.000000E+00  0.000000E+00  0.000000E+00  0.000000E+00  0.000000E+00  0.000000E+00  0.000000E+00  0.000000E+00  0.000000E+00
  0.000000E+00  0.000000E+00  0.000000E+00  0.000000E+00  0.000000E+00  0.000000E+00  0.000000E+00  0.000000E+00  0.000000E+00
  0.000000E+00  0.000000E+00  0.000000E+00  0.000000E+00  0.000000E+00  0.000000E+00  0.000000E+00  0.000000E+00  0.000000E+00
  0.000000E+00  0.000000E+00  0.000000E+00  0.000000E+00  0.000000E+00  0.000000E+00  0.000000E+00  0.000000E+00  0.000000E+00
  0.000000E+00  0.000000E+00  0.000000E+00  0.000000E+00  0.000000E+00  0.000000E+00  0.000000E+00  0.000000E+00  0.000000E+00
  0.000000E+00  0.000000E+00  0.000000E+00  0.000000E+00  0.000000E+00  0.000000E+00  0.000000E+00  0.000000E+00  0.000000E+00
  0.000000E+00  0.000000E+00  0.000000E+00  0.000000E+00  0.000000E+00  0.000000E+00  0.000000E+00  0.000000E+00  0.000000E+00
  0.000000E+00  0.000000E+00  0.000000E+00  0.000000E+00  0.000000E+00  0.000000E+00  0.000000E+00  0.000000E+00  0.000000E+00
  0.000000E+00  0.000000E+00  0.000000E+00  0.000000E+00  0.000000E+00  0.000000E+00  0.000000E+00  0.000000E+00  0.000000E+00
  0.000000E+00  0.000000E+00  0.000000E+00  0.000000E+00  0.000000E+00  0.000000E+00  0.000000E+00  0.000000E+00  0.000000E+00
  0.000000E+00  0.000000E+00  0.000000E+00  0.000000E+00  0.000000E+00  0.000000E+00  0.000000E+00  0.000000E+00  0.000000E+00
  0.000000E+00  0.000000E+00  0.000000E+00  0.000000E+00  0.000000E+00  0.000000E+00  0.000000E+00  0.000000E+00  0.000000E+00
  0.000000E+00  0.000000E+00  0.000000E+00  0.000000E+00  0.000000E+00  0.000000E+00  0.000000E+00  0.000000E+00  0.000000E+00
  0.000000E+00  0.000000E+00  0.000000E+00  0.000000E+00  0.000000E+00  0.000000E+00  0.000000E+00  0.000000E+00  0.000000E+00
  0.000000E+00  0.000000E+00  0.000000E+00  0.000000E+00  0.000000E+00  0.000000E+00  0.000000E+00  0.000000E+00  0.000000E+00
  0.000000E+00  0.000000E+00  0.000000E+00  0.000000E+00  0.000000E+00  0.000000E+00  0.000000E+00  0.000000E+00  0.000000E+00
  0.000000E+00  0.000000E+00  0.000000E+00  0.000000E+00  0.000000E+00  0.000000E+00  0.000000E+00  0.000000E+00  0.000000E+00
  0.000000E+00  0.000000E+00  0.000000E+00  0.000000E+00  0.000000E+00  0.000000E+00  0.000000E+00  0.000000E+00  0.000000E+00
  0.000000E+00  0.000000E+00  0.000000E+00  0.000000E+00  0.000000E+00  0.000000E+00  0.000000E+00  0.000000E+00  0.000000E+00
  0.000000E+00  0.000000E+00  0.000000E+00  0.000000E+00  0.000000E+00  0.000000E+00  0.000000E+00  0.000000E+00  0.000000E+00
  0.000000E+00  0.000000E+00  0.000000E+00  0.000000E+00  0.000000E+00  0.000000E+00  0.000000E+00  0.000000E+00  0.000000E+00
  0.000000E+00  0.000000E+00  0.000000E+00  0.000000E+00  0.000000E+00  0.000000E+00  0.000000E+00  0.000000E+00  0.000000E+00
  0.000000E+00  0.000000E+00  0.000000E+00  0.000000E+00  0.000000E+00  0.000000E+00  0.000000E+00  0.000000E+00  0.000000E+00
  0.000000E+00  0.000000E+00  0.000000E+00  0.000000E+00  0.000000E+00  0.000000E+00  0.000000E+00  0.000000E+00  0.000000E+00
  0.000000E+00  0.000000E+00  0.000000E+00  0.000000E+00  0.000000E+00  0.000000E+00  0.000000E+00  0.000000E+00  0.000000E+00
  0.000000E+00  0.000000E+00  0.000000E+00  0.000000E+00  0.000000E+00  0.000000E+00  0.000000E+00  0.000000E+00  0.000000E+00
  0.000000E+00  0.000000E+00  0.000000E+00  0.000000E+00  0.000000E+00  0.000000E+00  0.000000E+00  0.000000E+00  0.000000E+00
  0.000000E+00  0.000000E+00  0.000000E+00  0.000000E+00  0.000000E+00  0.000000E+00  0.000000E+00  0.000000E+00  0.000000E+00
  0.000000E+00  0.000000E+00  0.000000E+00  0.000000E+00  0.000000E+00  0.000000E+00  0.000000E+00  0.000000E+00  0.000000E+00
  0.000000E+00  0.000000E+00  0.000000E+00  0.000000E+00  0.000000E+00  0.000000E+00  0.000000E+00  0.000000E+00  0.000000E+00
  0.000000E+00  0.000000E+00  0.000000E+00  0.000000E+00  0.000000E+00  0.000000E+00  0.000000E+00  0.000000E+00  0.000000E+00
  0.000000E+00  0.000000E+00  0.000000E+00  0.000000E+00  0.000000E+00  0.000000E+00  0.000000E+00  0.000000E+00  0.000000E+00
  0.000000E+00  0.000000E+00  0.000000E+00  0.000000E+00  0.000000E+00  0.000000E+00  0.000000E+00  0.000000E+00  0.000000E+00
  0.000000E+00  0.000000E+00  0.000000E+00  0.000000E+00  0.000000E+00  0.000000E+00  0.000000E+00  0.000000E+00  0.000000E+00
  0.000000E+00  0.000000E+00  0.000000E+00  0.000000E+00  0.000000E+00  0.000000E+00  0.000000E+00  0.000000E+00  0.000000E+00
  0.000000E+00  0.000000E+00  0.000000E+00  0.000000E+00  0.000000E+00  0.000000E+00  0.000000E+00  0.000000E+00  0.000000E+00
  0.000000E+00  0.000000E+00  0.000000E+00  0.000000E+00  0.000000E+00  0.000000E+00  0.000000E+00  0.000000E+00  0.000000E+00
  0.000000E+00  0.000000E+00  0.000000E+00  0.000000E+00  0.000000E+00  0.000000E+00  0.000000E+00  0.000000E+00  0.000000E+00
  0.000000E+00  0.000000E+00  0.000000E+00  0.000000E+00  0.000000E+00  0.000000E+00  0.000000E+00  0.000000E+00  0.000000E+00
9  4   4  90   90.5000  179.5000    1.0000     F
  0.000000E+00  0.000000E+00  0.000000E+00  0.000000E+00  0.000000E+00  0.000000E+00  0.000000E+00  0.000000E+00  0.000000E+00
  0.000000E+00  0.000000E+00  0.000000E+00  0.000000E+00  0.000000E+00  0.000000E+00  0.000000E+00  0.000000E+00  0.000000E+00
  0.000000E+00  0.000000E+00  0.000000E+00  0.000000E+00  0.000000E+00  0.000000E+00  0.000000E+00  0.000000E+00  0.000000E+00
  0.000000E+00  0.000000E+00  0.000000E+00  0.000000E+00  0.000000E+00  0.000000E+00  0.000000E+00  0.000000E+00  0.000000E+00
  0.000000E+00  0.000000E+00  0.000000E+00  0.000000E+00  0.000000E+00  0.000000E+00  0.000000E+00  0.000000E+00  0.000000E+00
  0.000000E+00  0.000000E+00  0.000000E+00  0.000000E+00  0.000000E+00  0.000000E+00  0.000000E+00  0.000000E+00  0.000000E+00
  0.000000E+00  0.000000E+00  0.000000E+00  0.000000E+00  0.000000E+00  0.000000E+00  0.000000E+00  0.000000E+00  0.000000E+00
  0.000000E+00  0.000000E+00  0.000000E+00  0.000000E+00  0.000000E+00  0.000000E+00  0.000000E+00  0.000000E+00  0.000000E+00
  0.000000E+00  0.000000E+00  0.000000E+00  0.000000E+00  0.000000E+00  0.000000E+00  0.000000E+00  0.000000E+00  0.000000E+00
  0.000000E+00  0.000000E+00  0.000000E+00  0.000000E+00  0.000000E+00  0.000000E+00  0.000000E+00  0.000000E+00  0.000000E+00
  0.000000E+00  0.000000E+00  0.000000E+00  0.000000E+00  0.000000E+00  0.000000E+00  0.000000E+00  0.000000E+00  0.000000E+00
  0.000000E+00  0.000000E+00  0.000000E+00  0.000000E+00  0.000000E+00  0.000000E+00  0.000000E+00  0.000000E+00  0.000000E+00
  0.000000E+00  0.000000E+00  0.000000E+00  0.000000E+00  0.000000E+00  0.000000E+00  0.000000E+00  0.000000E+00  0.000000E+00
  0.000000E+00  0.000000E+00  0.000000E+00  0.000000E+00  0.000000E+00  0.000000E+00  0.000000E+00  0.000000E+00  0.000000E+00
  0.000000E+00  0.000000E+00  0.000000E+00  0.000000E+00  0.000000E+00  0.000000E+00  0.000000E+00  0.000000E+00  0.000000E+00
  0.000000E+00  0.000000E+00  0.000000E+00  0.000000E+00  0.000000E+00  0.000000E+00  0.000000E+00  0.000000E+00  0.000000E+00
  0.000000E+00  0.000000E+00  0.000000E+00  0.000000E+00  0.000000E+00  0.000000E+00  0.000000E+00  0.000000E+00  0.000000E+00
  0.000000E+00  0.000000E+00  0.000000E+00  0.000000E+00  0.000000E+00  0.000000E+00  0.000000E+00  0.000000E+00  0.000000E+00
  0.000000E+00  0.000000E+00  0.000000E+00  0.000000E+00  0.000000E+00  0.000000E+00  0.000000E+00  0.000000E+00  0.000000E+00
  0.000000E+00  0.000000E+00  0.000000E+00  0.000000E+00  0.000000E+00  0.000000E+00  0.000000E+00  0.000000E+00  0.000000E+00
  0.000000E+00  0.000000E+00  0.000000E+00  0.000000E+00  0.000000E+00  0.000000E+00  0.000000E+00  0.000000E+00  0.000000E+00
  0.000000E+00  0.000000E+00  0.000000E+00  0.000000E+00  0.000000E+00  0.000000E+00  0.000000E+00  0.000000E+00  0.000000E+00
  0.000000E+00  0.000000E+00  0.000000E+00  0.000000E+00  0.000000E+00  0.000000E+00  0.000000E+00  0.000000E+00  0.000000E+00
  0.000000E+00  0.000000E+00  0.000000E+00  0.000000E+00  0.000000E+00  0.000000E+00  0.000000E+00  0.000000E+00  0.000000E+00
  0.000000E+00  0.000000E+00  0.000000E+00  0.000000E+00  0.000000E+00  0.000000E+00  0.000000E+00  0.000000E+00  0.000000E+00
  0.000000E+00  0.000000E+00  0.000000E+00  0.000000E+00  0.000000E+00  0.000000E+00  0.000000E+00  0.000000E+00  0.000000E+00
  0.000000E+00  0.000000E+00  0.000000E+00  0.000000E+00  0.000000E+00  0.000000E+00  0.000000E+00  0.000000E+00  0.000000E+00
  0.000000E+00  0.000000E+00  0.000000E+00  0.000000E+00  0.000000E+00  0.000000E+00  0.000000E+00  0.000000E+00  0.000000E+00
  0.000000E+00  0.000000E+00  0.000000E+00  0.000000E+00  0.000000E+00  0.000000E+00  0.000000E+00  0.000000E+00  0.000000E+00
  0.000000E+00  0.000000E+00  0.000000E+00  0.000000E+00  0.000000E+00  0.000000E+00  0.000000E+00  0.000000E+00  0.000000E+00
  0.000000E+00  0.000000E+00  0.000000E+00  0.000000E+00  0.000000E+00  0.000000E+00  0.000000E+00  0.000000E+00  0.000000E+00
  0.000000E+00  0.000000E+00  0.000000E+00  0.000000E+00  0.000000E+00  0.000000E+00  0.000000E+00  0.000000E+00  0.000000E+00
  0.000000E+00  0.000000E+00  0.000000E+00  0.000000E+00  0.000000E+00  0.000000E+00  0.000000E+00  0.000000E+00  0.000000E+00
  0.000000E+00  0.000000E+00  0.000000E+00  0.000000E+00  0.000000E+00  0.000000E+00  0.000000E+00  0.000000E+00  0.000000E+00
  0.000000E+00  0.000000E+00  0.000000E+00  0.000000E+00  0.000000E+00  0.000000E+00  0.000000E+00  0.000000E+00  0.000000E+00
  0.000000E+00  0.000000E+00  0.000000E+00  0.000000E+00  0.000000E+00  0.000000E+00  0.000000E+00  0.000000E+00  0.000000E+00
  0.000000E+00  0.000000E+00  0.000000E+00  0.000000E+00  0.000000E+00  0.000000E+00  0.000000E+00  0.000000E+00  0.000000E+00
  0.000000E+00  0.000000E+00  0.000000E+00  0.000000E+00  0.000000E+00  0.000000E+00  0.000000E+00  0.000000E+00  0.000000E+00
  0.000000E+00  0.000000E+00  0.000000E+00  0.000000E+00  0.000000E+00  0.000000E+00  0.000000E+00  0.000000E+00  0.000000E+00
  0.000000E+00  0.000000E+00  0.000000E+00  0.000000E+00  0.000000E+00  0.000000E+00  0.000000E+00  0.000000E+00  0.000000E+00
  0.000000E+00  0.000000E+00  0.000000E+00  0.000000E+00  0.000000E+00  0.000000E+00  0.000000E+00  0.000000E+00  0.000000E+00
  0.000000E+00  0.000000E+00  0.000000E+00  0.000000E+00  0.000000E+00  0.000000E+00  0.000000E+00  0.000000E+00  0.000000E+00
  0.000000E+00  0.000000E+00  0.000000E+00  0.000000E+00  0.000000E+00  0.000000E+00  0.000000E+00  0.000000E+00  0.000000E+00
  0.000000E+00  0.000000E+00  0.000000E+00  0.000000E+00  0.000000E+00  0.000000E+00  0.000000E+00  0.000000E+00  0.000000E+00
  0.000000E+00  0.000000E+00  0.000000E+00  0.000000E+00  0.000000E+00  0.000000E+00  0.000000E+00  0.000000E+00  0.000000E+00
  0.000000E+00  0.000000E+00  0.000000E+00  0.000000E+00  0.000000E+00  0.000000E+00  0.000000E+00  0.000000E+00  0.000000E+00
  0.000000E+00  0.000000E+00  0.000000E+00  0.000000E+00  0.000000E+00  0.000000E+00  0.000000E+00  0.000000E+00  0.000000E+00
  0.000000E+00  0.000000E+00  0.000000E+00  0.000000E+00  0.000000E+00  0.000000E+00  0.000000E+00  0.000000E+00  0.000000E+00
  0.000000E+00  0.000000E+00  0.000000E+00  0.000000E+00  0.000000E+00  0.000000E+00  0.000000E+00  0.000000E+00  0.000000E+00
  0.000000E+00  0.000000E+00  0.000000E+00  0.000000E+00  0.000000E+00  0.000000E+00  0.000000E+00  0.000000E+00  0.000000E+00
  0.000000E+00  0.000000E+00  0.000000E+00  0.000000E+00  0.000000E+00  0.000000E+00  0.000000E+00  0.000000E+00  0.000000E+00
  0.000000E+00  0.000000E+00  0.000000E+00  0.000000E+00  0.000000E+00  0.000000E+00  0.000000E+00  0.000000E+00  0.000000E+00
  0.000000E+00  0.000000E+00  0.000000E+00  0.000000E+00  0.000000E+00  0.000000E+00  0.000000E+00  0.000000E+00  0.000000E+00
  0.000000E+00  0.000000E+00  0.000000E+00  0.000000E+00  0.000000E+00  0.000000E+00  0.000000E+00  0.000000E+00  0.000000E+00
  0.000000E+00  0.000000E+00  0.000000E+00  0.000000E+00  0.000000E+00  0.000000E+00  0.000000E+00  0.000000E+00  0.000000E+00
  0.000000E+00  0.000000E+00  0.000000E+00  0.000000E+00  0.000000E+00  0.000000E+00  0.000000E+00  0.000000E+00  0.000000E+00
  0.000000E+00  0.000000E+00  0.000000E+00  0.000000E+00  0.000000E+00  0.000000E+00  0.000000E+00  0.000000E+00  0.000000E+00
  0.000000E+00  0.000000E+00  0.000000E+00  0.000000E+00  0.000000E+00  0.000000E+00  0.000000E+00  0.000000E+00  0.000000E+00
  0.000000E+00  0.000000E+00  0.000000E+00  0.000000E+00  0.000000E+00  0.000000E+00  0.000000E+00  0.000000E+00  0.000000E+00
  0.000000E+00  0.000000E+00  0.000000E+00  0.000000E+00  0.000000E+00  0.000000E+00  0.000000E+00  0.000000E+00  0.000000E+00
  0.000000E+00  0.000000E+00  0.000000E+00  0.000000E+00  0.000000E+00  0.000000E+00  0.000000E+00  0.000000E+00  0.000000E+00
  0.000000E+00  0.000000E+00  0.000000E+00  0.000000E+00  0.000000E+00  0.000000E+00  0.000000E+00  0.000000E+00  0.000000E+00
  0.000000E+00  0.000000E+00  0.000000E+00  0.000000E+00  0.000000E+00  0.000000E+00  0.000000E+00  0.000000E+00  0.000000E+00
  0.000000E+00  0.000000E+00  0.000000E+00  0.000000E+00  0.000000E+00  0.000000E+00  0.000000E+00  0.000000E+00  0.000000E+00
  0.000000E+00  0.000000E+00  0.000000E+00  0.000000E+00  0.000000E+00  0.000000E+00  0.000000E+00  0.000000E+00  0.000000E+00
  0.000000E+00  0.000000E+00  0.000000E+00  0.000000E+00  0.000000E+00  0.000000E+00  0.000000E+00  0.000000E+00  0.000000E+00
  0.000000E+00  0.000000E+00  0.000000E+00  0.000000E+00  0.000000E+00  0.000000E+00  0.000000E+00  0.000000E+00  0.000000E+00
  0.000000E+00  0.000000E+00  0.000000E+00  0.000000E+00  0.000000E+00  0.000000E+00  0.000000E+00  0.000000E+00  0.000000E+00
  0.000000E+00  0.000000E+00  0.000000E+00  0.000000E+00  0.000000E+00  0.000000E+00  0.000000E+00  0.000000E+00  0.000000E+00
  0.000000E+00  0.000000E+00  0.000000E+00  0.000000E+00  0.000000E+00  0.000000E+00  0.000000E+00  0.000000E+00  0.000000E+00
  0.000000E+00  0.000000E+00  0.000000E+00  0.000000E+00  0.000000E+00  0.000000E+00  0.000000E+00  0.000000E+00  0.000000E+00
  0.000000E+00  0.000000E+00  0.000000E+00  0.000000E+00  0.000000E+00  0.000000E+00  0.000000E+00  0.000000E+00  0.000000E+00
  0.000000E+00  0.000000E+00  0.000000E+00  0.000000E+00  0.000000E+00  0.000000E+00  0.000000E+00  0.000000E+00  0.000000E+00
  0.000000E+00  0.000000E+00  0.000000E+00  0.000000E+00  0.000000E+00  0.000000E+00  0.000000E+00  0.000000E+00  0.000000E+00
  0.000000E+00  0.000000E+00  0.000000E+00  0.000000E+00  0.000000E+00  0.000000E+00  0.000000E+00  0.000000E+00  0.000000E+00
  0.000000E+00  0.000000E+00  0.000000E+00  0.000000E+00  0.000000E+00  0.000000E+00  0.000000E+00  0.000000E+00  0.000000E+00
  0.000000E+00  0.000000E+00  0.000000E+00  0.000000E+00  0.000000E+00  0.000000E+00  0.000000E+00  0.000000E+00  0.000000E+00
  0.000000E+00  0.000000E+00  0.000000E+00  0.000000E+00  0.000000E+00  0.000000E+00  0.000000E+00  0.000000E+00  0.000000E+00
  0.000000E+00  0.000000E+00  0.000000E+00  0.000000E+00  0.000000E+00  0.000000E+00  0.000000E+00  0.000000E+00  0.000000E+00
  0.000000E+00  0.000000E+00  0.000000E+00  0.000000E+00  0.000000E+00  0.000000E+00  0.000000E+00  0.000000E+00  0.000000E+00
  0.000000E+00  0.000000E+00  0.000000E+00  0.000000E+00  0.000000E+00  0.000000E+00  0.000000E+00  0.000000E+00  0.000000E+00
  0.000000E+00  0.000000E+00  0.000000E+00  0.000000E+00  0.000000E+00  0.000000E+00  0.000000E+00  0.000000E+00  0.000000E+00
  0.000000E+00  0.000000E+00  0.000000E+00  0.000000E+00  0.000000E+00  0.000000E+00  0.000000E+00  0.000000E+00  0.000000E+00
  0.000000E+00  0.000000E+00  0.000000E+00  0.000000E+00  0.000000E+00  0.000000E+00  0.000000E+00  0.000000E+00  0.000000E+00
  0.000000E+00  0.000000E+00  0.000000E+00  0.000000E+00  0.000000E+00  0.000000E+00  0.000000E+00  0.000000E+00  0.000000E+00
  0.000000E+00  0.000000E+00  0.000000E+00  0.000000E+00  0.000000E+00  0.000000E+00  0.000000E+00  0.000000E+00  0.000000E+00
  0.000000E+00  0.000000E+00  0.000000E+00  0.000000E+00  0.000000E+00  0.000000E+00  0.000000E+00  0.000000E+00  0.000000E+00
  0.000000E+00  0.000000E+00  0.000000E+00  0.000000E+00  0.000000E+00  0.000000E+00  0.000000E+00  0.000000E+00  0.000000E+00
  0.000000E+00  0.000000E+00  0.000000E+00  0.000000E+00  0.000000E+00  0.000000E+00  0.000000E+00  0.000000E+00  0.000000E+00
  0.000000E+00  0.000000E+00  0.000000E+00  0.000000E+00  0.000000E+00  0.000000E+00  0.000000E+00  0.000000E+00  0.000000E+00
