HALF SPACE GREENS FUNCTION 28 KM DEPTH
9 1 4 98 0.0250 0.9950 0.0100 F
 -2.339690e-08 -9.219130e-09 -5.291460e-14  1.066320e-11  7.404182e-14  7.667050e-14  2.336340e-08 -2.531923e-13 -3.025976e-14
 -2.138010e-08 -8.454600e-09 -4.849780e-14  7.025790e-12  9.789640e-14  1.048879e-13  2.133640e-08 -3.433130e-13 -5.755187e-14
 -1.999440e-08 -7.743170e-09 -4.531290e-14  4.950630e-12  1.172607e-13  1.316084e-13  1.994110e-08 -4.257551e-13 -9.199784e-14
 -1.907750e-08 -7.177250e-09 -4.307420e-14  3.655360e-12  1.312581e-13  1.563954e-13  1.901500e-08 -4.986837e-13 -1.321226e-13
 -1.846970e-08 -6.782760e-09 -4.148400e-14  2.823460e-12  1.393820e-13  1.789345e-13  1.839830e-08 -5.609024e-13 -1.763018e-13
 -1.809690e-08 -6.541720e-09 -4.039780e-14  2.282030e-12  1.414635e-13  1.990045e-13  1.801670e-08 -6.117512e-13 -2.228666e-13
 -1.780850e-08 -6.417260e-09 -3.952340e-14  1.922750e-12  1.376388e-13  2.164678e-13  1.771990e-08 -6.510541e-13 -2.702011e-13
 -1.764180e-08 -6.370960e-09 -3.893320e-14  1.676070e-12  1.283031e-13  2.312642e-13  1.754490e-08 -6.790571e-13 -3.168237e-13
 -1.767490e-08 -6.369080e-09 -3.877200e-14  1.497800e-12  1.140538e-13  2.434022e-13  1.756970e-08 -6.963551e-13 -3.614464e-13
 -1.769210e-08 -6.391440e-09 -3.861740e-14  1.362930e-12  9.562897e-14  2.529499e-13  1.757880e-08 -7.038104e-13 -4.030124e-13
 -1.771340e-08 -6.426160e-09 -3.850090e-14  1.256290e-12  7.384696e-14  2.600236e-13  1.759220e-08 -7.024697e-13 -4.407125e-13
 -1.772490e-08 -6.454040e-09 -3.838610e-14  1.164960e-12  4.955184e-14  2.647774e-13  1.759590e-08 -6.934872e-13 -4.739818e-13
 -1.773360e-08 -6.484660e-09 -3.829120e-14  1.088850e-12  2.356772e-14  2.673924e-13  1.759690e-08 -6.780564e-13 -5.024839e-13
 -1.773930e-08 -6.518040e-09 -3.821620e-14  1.025010e-12 -3.336473e-15  2.680668e-13  1.759530e-08 -6.573546e-13 -5.260836e-13
 -1.774100e-08 -6.545590e-09 -3.814470e-14  9.681870e-13 -3.047159e-14  2.670074e-13  1.758960e-08 -6.325003e-13 -5.448151e-13
 -1.773770e-08 -6.561570e-09 -3.806590e-14  9.152580e-13 -5.724297e-14  2.644224e-13  1.757910e-08 -6.045229e-13 -5.588478e-13
 -1.773050e-08 -6.572660e-09 -3.799240e-14  8.676960e-13 -8.315684e-14  2.605155e-13  1.756480e-08 -5.743444e-13 -5.684529e-13
 -1.771930e-08 -6.578880e-09 -3.792440e-14  8.246760e-13 -1.078199e-13  2.554818e-13  1.754660e-08 -5.427702e-13 -5.739728e-13
 -1.770720e-08 -6.582510e-09 -3.785970e-14  7.856210e-13 -1.309343e-13  2.495043e-13  1.752750e-08 -5.104872e-13 -5.757943e-13
 -1.769610e-08 -6.585080e-09 -3.779730e-14  7.500310e-13 -1.522886e-13  2.427518e-13  1.750960e-08 -4.780678e-13 -5.743259e-13
 -1.768380e-08 -6.584800e-09 -3.773860e-14  7.173810e-13 -1.717479e-13  2.353783e-13  1.749050e-08 -4.459778e-13 -5.699804e-13
 -1.767020e-08 -6.581690e-09 -3.768350e-14  6.872970e-13 -1.892422e-13  2.275218e-13  1.747030e-08 -4.145865e-13 -5.631610e-13
 -1.765530e-08 -6.575730e-09 -3.763210e-14  6.594670e-13 -2.047554e-13  2.193049e-13  1.744880e-08 -3.841775e-13 -5.542511e-13
 -1.763970e-08 -6.569770e-09 -3.758120e-14  6.339860e-13 -2.183144e-13  2.108354e-13  1.742680e-08 -3.549608e-13 -5.436082e-13
 -1.762390e-08 -6.565360e-09 -3.752890e-14  6.107850e-13 -2.299795e-13  2.022068e-13  1.740460e-08 -3.270835e-13 -5.315593e-13
 -1.760730e-08 -6.560170e-09 -3.747800e-14  5.893330e-13 -2.398360e-13  1.934995e-13  1.738170e-08 -3.006409e-13 -5.183993e-13
 -1.758990e-08 -6.554210e-09 -3.742840e-14  5.694480e-13 -2.479865e-13  1.847819e-13  1.735800e-08 -2.756854e-13 -5.043905e-13
 -1.757160e-08 -6.547470e-09 -3.738010e-14  5.509730e-13 -2.545453e-13  1.761117e-13  1.733360e-08 -2.522354e-13 -4.897630e-13
 -1.755260e-08 -6.540890e-09 -3.733070e-14  5.336460e-13 -2.596330e-13  1.675367e-13  1.730840e-08 -2.302822e-13 -4.747169e-13
 -1.753270e-08 -6.534960e-09 -3.727870e-14  5.172940e-13 -2.633725e-13  1.590963e-13  1.728250e-08 -2.097966e-13 -4.594240e-13
 -1.751200e-08 -6.528940e-09 -3.722620e-14  5.019200e-13 -2.658861e-13  1.508223e-13  1.725580e-08 -1.907338e-13 -4.440302e-13
 -1.749050e-08 -6.522820e-09 -3.717320e-14  4.874360e-13 -2.672930e-13  1.427399e-13  1.722840e-08 -1.730381e-13 -4.286580e-13
 -1.746820e-08 -6.516600e-09 -3.711970e-14  4.737660e-13 -2.677079e-13  1.348688e-13  1.720020e-08 -1.566459e-13 -4.134093e-13
 -1.744500e-08 -6.510280e-09 -3.706570e-14  4.608390e-13 -2.672391e-13  1.272236e-13  1.717120e-08 -1.414891e-13 -3.983674e-13
 -1.742110e-08 -6.503860e-09 -3.701120e-14  4.485960e-13 -2.659887e-13  1.198149e-13  1.714150e-08 -1.274971e-13 -3.835996e-13
 -1.739630e-08 -6.497340e-09 -3.695620e-14  4.369810e-13 -2.640514e-13  1.126498e-13  1.711110e-08 -1.145984e-13 -3.691592e-13
 -1.737080e-08 -6.490720e-09 -3.690070e-14  4.259460e-13 -2.615147e-13  1.057323e-13  1.707990e-08 -1.027221e-13 -3.550876e-13
 -1.734440e-08 -6.484000e-09 -3.684470e-14  4.154440e-13 -2.584589e-13  9.906407e-14  1.704800e-08 -9.179911e-14 -3.414157e-13
 -1.731820e-08 -6.477720e-09 -3.678870e-14  4.055260e-13 -2.549572e-13  9.264471e-14  1.701630e-08 -8.176237e-14 -3.281659e-13
 -1.729270e-08 -6.472020e-09 -3.673260e-14  3.961700e-13 -2.510759e-13  8.647211e-14  1.698530e-08 -7.254782e-14 -3.153532e-13
 -1.726670e-08 -6.466430e-09 -3.667630e-14  3.872640e-13 -2.468752e-13  8.054284e-14  1.695390e-08 -6.409451e-14 -3.029864e-13
 -1.724040e-08 -6.460940e-09 -3.661960e-14  3.787760e-13 -2.424088e-13  7.485237e-14  1.692210e-08 -5.634487e-14 -2.910693e-13
 -1.721360e-08 -6.455560e-09 -3.656250e-14  3.706810e-13 -2.377251e-13  6.939533e-14  1.689000e-08 -4.924476e-14 -2.796016e-13
 -1.718650e-08 -6.450270e-09 -3.650510e-14  3.629520e-13 -2.328671e-13  6.416567e-14  1.685760e-08 -4.274349e-14 -2.685795e-13
 -1.715890e-08 -6.445100e-09 -3.644740e-14  3.555590e-13 -2.278731e-13  5.915689e-14  1.682480e-08 -3.679378e-14 -2.579964e-13
 -1.713090e-08 -6.440020e-09 -3.638930e-14  3.484890e-13 -2.227771e-13  5.436209e-14  1.679160e-08 -3.135165e-14 -2.478437e-13
 -1.710260e-08 -6.435050e-09 -3.633090e-14  3.417170e-13 -2.176090e-13  4.977418e-14  1.675810e-08 -2.637630e-14 -2.381110e-13
 -1.707380e-08 -6.430190e-09 -3.627210e-14  3.352260e-13 -2.123950e-13  4.538590e-14  1.672430e-08 -2.182996e-14 -2.287868e-13
 -1.704450e-08 -6.425320e-09 -3.621200e-14  3.289460e-13 -2.071583e-13  4.118995e-14  1.669000e-08 -1.767771e-14 -2.198584e-13
 -1.701470e-08 -6.420430e-09 -3.615020e-14  3.228460e-13 -2.019189e-13  3.717904e-14  1.665520e-08 -1.388735e-14 -2.113127e-13
 -1.698450e-08 -6.415600e-09 -3.608780e-14  3.169630e-13 -1.966943e-13  3.334592e-14  1.661990e-08 -1.042918e-14 -2.031360e-13
 -1.695390e-08 -6.410830e-09 -3.602450e-14  3.112870e-13 -1.914996e-13  2.968345e-14  1.658430e-08 -7.275879e-15 -1.953146e-13
 -1.692280e-08 -6.406130e-09 -3.596060e-14  3.058060e-13 -1.863478e-13  2.618465e-14  1.654830e-08 -4.402312e-15 -1.878345e-13
 -1.689120e-08 -6.401500e-09 -3.589590e-14  3.005150e-13 -1.812500e-13  2.284267e-14  1.651190e-08 -1.785374e-15 -1.806819e-13
 -1.685920e-08 -6.396920e-09 -3.583060e-14  2.953950e-13 -1.762156e-13  1.965086e-14  1.647510e-08  5.961555e-16 -1.738431e-13
 -1.682680e-08 -6.392420e-09 -3.576440e-14  2.904420e-13 -1.712525e-13  1.660277e-14  1.643780e-08  2.761759e-15 -1.673047e-13
 -1.679400e-08 -6.387970e-09 -3.569760e-14  2.856450e-13 -1.663673e-13  1.369216e-14  1.640020e-08  4.729318e-15 -1.610535e-13
 -1.676070e-08 -6.383590e-09 -3.563000e-14  2.810000e-13 -1.615655e-13  1.091299e-14  1.636220e-08  6.515236e-15 -1.550768e-13
 -1.672740e-08 -6.379090e-09 -3.556230e-14  2.766200e-13 -1.568514e-13  8.259456e-15  1.632420e-08  8.134561e-15 -1.493622e-13
 -1.669410e-08 -6.374400e-09 -3.549450e-14  2.725290e-13 -1.522286e-13  5.725970e-15  1.628620e-08  9.601095e-15 -1.438977e-13
 -1.666050e-08 -6.369710e-09 -3.542620e-14  2.686050e-13 -1.476998e-13  3.307163e-15  1.624800e-08  1.092749e-14 -1.386719e-13
 -1.662660e-08 -6.365010e-09 -3.535740e-14  2.648370e-13 -1.432670e-13  9.978864e-16  1.620950e-08  1.212536e-14 -1.336736e-13
 -1.659250e-08 -6.360300e-09 -3.528800e-14  2.612200e-13 -1.389315e-13 -1.206795e-15  1.617080e-08  1.320535e-14 -1.288922e-13
 -1.655810e-08 -6.355580e-09 -3.521820e-14  2.577470e-13 -1.346943e-13 -3.311605e-15  1.613180e-08  1.417721e-14 -1.243176e-13
 -1.652330e-08 -6.350850e-09 -3.514780e-14  2.544100e-13 -1.305557e-13 -5.321063e-15  1.609260e-08  1.504990e-14 -1.199398e-13
 -1.648830e-08 -6.346110e-09 -3.507690e-14  2.512050e-13 -1.265158e-13 -7.239488e-15  1.605310e-08  1.583162e-14 -1.157498e-13
 -1.645300e-08 -6.341370e-09 -3.500550e-14  2.481260e-13 -1.225742e-13 -9.071006e-15  1.601330e-08  1.652992e-14 -1.117384e-13
 -1.641740e-08 -6.336620e-09 -3.493360e-14  2.451660e-13 -1.187302e-13 -1.081956e-14  1.597330e-08  1.715170e-14 -1.078973e-13
 -1.638170e-08 -6.331680e-09 -3.486150e-14  2.420730e-13 -1.149830e-13 -1.248890e-14  1.593330e-08  1.770331e-14 -1.042184e-13
 -1.634600e-08 -6.326490e-09 -3.478920e-14  2.387780e-13 -1.113314e-13 -1.408262e-14  1.589320e-08  1.819056e-14 -1.006940e-13
 -1.631010e-08 -6.321230e-09 -3.471650e-14  2.355130e-13 -1.077742e-13 -1.560415e-14  1.585290e-08  1.861881e-14 -9.731674e-14
 -1.627400e-08 -6.315880e-09 -3.464350e-14  2.322770e-13 -1.043099e-13 -1.705673e-14  1.581250e-08  1.899295e-14 -9.407966e-14
 -1.623760e-08 -6.310460e-09 -3.457000e-14  2.290630e-13 -1.009370e-13 -1.844348e-14  1.577190e-08  1.931749e-14 -9.097615e-14
 -1.620110e-08 -6.304970e-09 -3.449610e-14  2.258780e-13 -9.765379e-14 -1.976737e-14  1.573110e-08  1.959657e-14 -8.799990e-14
 -1.616440e-08 -6.299390e-09 -3.442180e-14  2.227150e-13 -9.445850e-14 -2.103121e-14  1.569010e-08  1.983400e-14 -8.514494e-14
 -1.612740e-08 -6.293740e-09 -3.434710e-14  2.195780e-13 -9.134933e-14 -2.223770e-14  1.564900e-08  2.003326e-14 -8.240557e-14
 -1.609020e-08 -6.288010e-09 -3.427200e-14  2.164610e-13 -8.832444e-14 -2.338940e-14  1.560760e-08  2.019758e-14 -7.977640e-14
 -1.605290e-08 -6.282200e-09 -3.419650e-14  2.133640e-13 -8.538191e-14 -2.448874e-14  1.556610e-08  2.032990e-14 -7.725230e-14
 -1.601540e-08 -6.276390e-09 -3.412090e-14  2.105310e-13 -8.251982e-14 -2.553807e-14  1.552460e-08  2.043294e-14 -7.482840e-14
 -1.597800e-08 -6.270610e-09 -3.404520e-14  2.080120e-13 -7.973626e-14 -2.653959e-14  1.548300e-08  2.050919e-14 -7.250008e-14
 -1.594040e-08 -6.264780e-09 -3.396910e-14  2.055880e-13 -7.702927e-14 -2.749541e-14  1.544140e-08  2.056096e-14 -7.026293e-14
 -1.590260e-08 -6.258910e-09 -3.389280e-14  2.032540e-13 -7.439692e-14 -2.840756e-14  1.539960e-08  2.059036e-14 -6.811280e-14
 -1.586470e-08 -6.252980e-09 -3.381620e-14  2.010100e-13 -7.183730e-14 -2.927794e-14  1.535760e-08  2.059933e-14 -6.604571e-14
 -1.582660e-08 -6.247010e-09 -3.373930e-14  1.988510e-13 -6.934850e-14 -3.010838e-14  1.531560e-08  2.058966e-14 -6.405791e-14
 -1.578840e-08 -6.240990e-09 -3.366200e-14  1.967730e-13 -6.692863e-14 -3.090062e-14  1.527340e-08  2.056300e-14 -6.214582e-14
 -1.575000e-08 -6.234930e-09 -3.358450e-14  1.947760e-13 -6.457582e-14 -3.165633e-14  1.523110e-08  2.052087e-14 -6.030605e-14
 -1.571150e-08 -6.228810e-09 -3.350660e-14  1.928550e-13 -6.228826e-14 -3.237708e-14  1.518870e-08  2.046466e-14 -5.853536e-14
 -1.567280e-08 -6.222650e-09 -3.342850e-14  1.910080e-13 -6.006412e-14 -3.306439e-14  1.514620e-08  2.039567e-14 -5.683071e-14
 -1.563410e-08 -6.216310e-09 -3.335030e-14  1.890750e-13 -5.790165e-14 -3.371969e-14  1.510360e-08  2.031507e-14 -5.518917e-14
 -1.559560e-08 -6.209740e-09 -3.327230e-14  1.870140e-13 -5.579911e-14 -3.434435e-14  1.506120e-08  2.022396e-14 -5.360798e-14
 -1.555690e-08 -6.203060e-09 -3.319410e-14  1.849690e-13 -5.375480e-14 -3.493969e-14  1.501870e-08  2.012333e-14 -5.208451e-14
 -1.551820e-08 -6.196290e-09 -3.311580e-14  1.829390e-13 -5.176707e-14 -3.550695e-14  1.497620e-08  2.001413e-14 -5.061624e-14
 -1.547940e-08 -6.189420e-09 -3.303720e-14  1.809230e-13 -4.983429e-14 -3.604731e-14  1.493350e-08  1.989719e-14 -4.920081e-14
 -1.544050e-08 -6.182450e-09 -3.295850e-14  1.789220e-13 -4.795487e-14 -3.656193e-14  1.489080e-08  1.977331e-14 -4.783595e-14
 -1.540160e-08 -6.175380e-09 -3.287960e-14  1.769330e-13 -4.612728e-14 -3.705187e-14  1.484810e-08  1.964321e-14 -4.651950e-14
 -1.536250e-08 -6.168210e-09 -3.280050e-14  1.749610e-13 -4.435002e-14 -3.751818e-14  1.480530e-08  1.950756e-14 -4.524942e-14
 -1.532340e-08 -6.160940e-09 -3.272130e-14  1.730010e-13 -4.262160e-14 -3.796185e-14  1.476240e-08  1.936696e-14 -4.402375e-14
 -1.528420e-08 -6.153570e-09 -3.264180e-14  1.710500e-13 -4.094063e-14 -3.838381e-14  1.471940e-08  1.922198e-14 -4.284063e-14
9 2 4 90 1.0500 9.9500 0.1000 F
 -1.506940e-07 -6.111960e-08 -3.220620e-13  1.618630e-12 -3.250739e-13 -4.038527e-13  1.448450e-07  1.838143e-13 -3.704697e-13
 -1.467750e-07 -6.030130e-08 -3.140990e-13  1.477780e-12 -2.002884e-13 -4.275217e-13  1.405760e-07  1.672178e-13 -2.884118e-13
 -1.428860e-07 -5.941690e-08 -3.061680e-13  1.359410e-12 -1.048468e-13 -4.400757e-13  1.363530e-07  1.509836e-13 -2.285436e-13
 -1.390880e-07 -5.848420e-08 -2.983790e-13  1.252320e-12 -3.134752e-14 -4.451918e-13  1.322330e-07  1.359987e-13 -1.839513e-13
 -1.353490e-07 -5.749430e-08 -2.906770e-13  1.157050e-12  2.560716e-14 -4.453022e-13  1.281870e-07  1.225389e-13 -1.501166e-13
 -1.316720e-07 -5.644720e-08 -2.830610e-13  1.071320e-12  6.997174e-14 -4.420417e-13  1.242160e-07  1.106074e-13 -1.240158e-13
 -1.281050e-07 -5.538540e-08 -2.756370e-13  9.950870e-13  1.046664e-13 -4.365246e-13  1.203650e-07  1.000934e-13 -1.035796e-13
 -1.246820e-07 -5.433700e-08 -2.684710e-13  9.278050e-13  1.318674e-13 -4.295191e-13  1.166640e-07  9.084644e-14 -8.736360e-14
 -1.213640e-07 -5.326910e-08 -2.614840e-13  8.668320e-13  1.532126e-13 -4.215597e-13  1.130790e-07  8.271111e-14 -7.434006e-14
 -1.181510e-07 -5.218180e-08 -2.546770e-13  8.111970e-13  1.699467e-13 -4.130212e-13  1.096090e-07  7.554177e-14 -6.376556e-14
 -1.150560e-07 -5.110330e-08 -2.480820e-13  7.606370e-13  1.830239e-13 -4.041675e-13  1.062620e-07  6.920820e-14 -5.509383e-14
 -1.120870e-07 -5.005250e-08 -2.417210e-13  7.147770e-13  1.931828e-13 -3.951843e-13  1.030450e-07  6.359677e-14 -4.791771e-14
 -1.092340e-07 -4.900750e-08 -2.355700e-13  6.726170e-13  2.009996e-13 -3.862027e-13  9.995100e-08  5.860962e-14 -4.192973e-14
 -1.064980e-07 -4.796820e-08 -2.296270e-13  6.336870e-13  2.069272e-13 -3.773139e-13  9.697970e-08  5.416303e-14 -3.689493e-14
 -1.038770e-07 -4.693470e-08 -2.238920e-13  5.975940e-13  2.113246e-13 -3.685814e-13  9.413120e-08  5.018562e-14 -3.263172e-14
 -1.013570e-07 -4.591940e-08 -2.183480e-13  5.642920e-13  2.144777e-13 -3.600477e-13  9.138680e-08  4.661655e-14 -2.899833e-14
 -9.892870e-08 -4.492920e-08 -2.129820e-13  5.336210e-13  2.166160e-13 -3.517410e-13  8.873630e-08  4.340394e-14 -2.588304e-14
 -9.660510e-08 -4.395400e-08 -2.078100e-13  5.050710e-13  2.179247e-13 -3.436784e-13  8.619500e-08  4.050349e-14 -2.319698e-14
 -9.438630e-08 -4.299350e-08 -2.028340e-13  4.784200e-13  2.185541e-13 -3.358693e-13  8.376290e-08  3.787727e-14 -2.086895e-14
 -9.227230e-08 -4.204800e-08 -1.980520e-13  4.534730e-13  2.186265e-13 -3.283175e-13  8.144010e-08  3.549271e-14 -1.884138e-14
 -9.023700e-08 -4.112280e-08 -1.934230e-13  4.302570e-13  2.182423e-13 -3.210226e-13  7.919790e-08  3.332179e-14 -1.706745e-14
 -8.826620e-08 -4.022110e-08 -1.889250e-13  4.087080e-13  2.174838e-13 -3.139814e-13  7.702090e-08  3.134031e-14 -1.550882e-14
 -8.638130e-08 -3.933830e-08 -1.845910e-13  3.885230e-13  2.164191e-13 -3.071886e-13  7.493240e-08  2.952730e-14 -1.413386e-14
 -8.458210e-08 -3.847440e-08 -1.804220e-13  3.695840e-13  2.151044e-13 -3.006376e-13  7.293240e-08  2.786456e-14 -1.291636e-14
 -8.286880e-08 -3.762950e-08 -1.764170e-13  3.517770e-13  2.135865e-13 -2.943208e-13  7.102080e-08  2.633623e-14 -1.183446e-14
 -8.124130e-08 -3.680340e-08 -1.725770e-13  3.350100e-13  2.119044e-13 -2.882300e-13  6.919770e-08  2.492843e-14 -1.086982e-14
 -7.969970e-08 -3.599620e-08 -1.689010e-13  3.191960e-13  2.100906e-13 -2.823567e-13  6.746310e-08  2.362900e-14 -1.000701e-14
 -7.824380e-08 -3.520800e-08 -1.653900e-13  3.042590e-13  2.081721e-13 -2.766924e-13  6.581690e-08  2.242726e-14 -9.232971e-15
 -7.687380e-08 -3.443860e-08 -1.620430e-13  2.901310e-13  2.061718e-13 -2.712285e-13  6.425930e-08  2.131379e-14 -8.536588e-15
 -7.558950e-08 -3.368820e-08 -1.588610e-13  2.767510e-13  2.041087e-13 -2.659566e-13  6.279010e-08  2.028025e-14 -7.908380e-15
 -7.433170e-08 -3.295920e-08 -1.557380e-13  2.641960e-13  2.019989e-13 -2.608684e-13  6.134690e-08  1.931927e-14 -7.340216e-15
 -7.308320e-08 -3.225220e-08 -1.526420e-13  2.524410e-13  1.998559e-13 -2.559560e-13  5.991200e-08  1.842427e-14 -6.825101e-15
 -7.189790e-08 -3.156510e-08 -1.496720e-13  2.413190e-13  1.976908e-13 -2.512115e-13  5.854180e-08  1.758943e-14 -6.356995e-15
 -7.077580e-08 -3.089790e-08 -1.468250e-13  2.307840e-13  1.955133e-13 -2.466277e-13  5.723620e-08  1.680951e-14 -5.930663e-15
 -6.971690e-08 -3.025050e-08 -1.441020e-13  2.207980e-13  1.933313e-13 -2.421973e-13  5.599540e-08  1.607985e-14 -5.541553e-15
 -6.872110e-08 -2.962290e-08 -1.415040e-13  2.113220e-13  1.911515e-13 -2.379136e-13  5.481920e-08  1.539626e-14 -5.185695e-15
 -6.778850e-08 -2.901520e-08 -1.390300e-13  2.023260e-13  1.889794e-13 -2.337701e-13  5.370770e-08  1.475498e-14 -4.859617e-15
 -6.691900e-08 -2.842740e-08 -1.366800e-13  1.937780e-13  1.868198e-13 -2.297606e-13  5.266080e-08  1.415260e-14 -4.560270e-15
 -6.611260e-08 -2.785940e-08 -1.344540e-13  1.856500e-13  1.846765e-13 -2.258792e-13  5.167870e-08  1.358607e-14 -4.284975e-15
 -6.536940e-08 -2.731130e-08 -1.323520e-13  1.779190e-13  1.825527e-13 -2.221203e-13  5.076110e-08  1.305263e-14 -4.031365e-15
 -6.463160e-08 -2.677790e-08 -1.302680e-13  1.706370e-13  1.804511e-13 -2.184786e-13  4.984890e-08  1.254976e-14 -3.797350e-15
 -6.388270e-08 -2.625780e-08 -1.281740e-13  1.638040e-13  1.783738e-13 -2.149491e-13  4.892490e-08  1.207518e-14 -3.581074e-15
 -6.317500e-08 -2.575570e-08 -1.261630e-13  1.573220e-13  1.763225e-13 -2.115269e-13  4.804290e-08  1.162683e-14 -3.380891e-15
 -6.250840e-08 -2.527140e-08 -1.242360e-13  1.511750e-13  1.742986e-13 -2.082075e-13  4.720300e-08  1.120281e-14 -3.195331e-15
 -6.188290e-08 -2.480510e-08 -1.223930e-13  1.453400e-13  1.723033e-13 -2.049866e-13  4.640500e-08  1.080142e-14 -3.023086e-15
 -6.129860e-08 -2.435670e-08 -1.206330e-13  1.398040e-13  1.703373e-13 -2.018600e-13  4.564910e-08  1.042107e-14 -2.862983e-15
 -6.075540e-08 -2.392620e-08 -1.189580e-13  1.345480e-13  1.684012e-13 -1.988239e-13  4.493520e-08  1.006034e-14 -2.713972e-15
 -6.025340e-08 -2.351350e-08 -1.173660e-13  1.295600e-13  1.664955e-13 -1.958745e-13  4.426330e-08  9.717893e-15 -2.575109e-15
 -5.979250e-08 -2.311880e-08 -1.158590e-13  1.248250e-13  1.646205e-13 -1.930084e-13  4.363340e-08  9.392529e-15 -2.445546e-15
 -5.937260e-08 -2.274200e-08 -1.144350e-13  1.203310e-13  1.627762e-13 -1.902221e-13  4.304550e-08  9.083135e-15 -2.324518e-15
 -5.895250e-08 -2.237220e-08 -1.130160e-13  1.160530e-13  1.609626e-13 -1.875126e-13  4.245760e-08  8.788686e-15 -2.211335e-15
 -5.852020e-08 -2.200620e-08 -1.115810e-13  1.119790e-13  1.591798e-13 -1.848767e-13  4.185760e-08  8.508241e-15 -2.105370e-15
 -5.811330e-08 -2.165390e-08 -1.101980e-13  1.081090e-13  1.574274e-13 -1.823117e-13  4.128360e-08  8.240928e-15 -2.006058e-15
 -5.773160e-08 -2.131540e-08 -1.088700e-13  1.044320e-13  1.557054e-13 -1.798147e-13  4.073560e-08  7.985943e-15 -1.912887e-15
 -5.737540e-08 -2.099050e-08 -1.075960e-13  1.009390e-13  1.540133e-13 -1.773833e-13  4.021360e-08  7.742544e-15 -1.825387e-15
 -5.704440e-08 -2.067950e-08 -1.063750e-13  9.762430e-14  1.523509e-13 -1.750148e-13  3.971750e-08  7.510041e-15 -1.743136e-15
 -5.673870e-08 -2.038210e-08 -1.052080e-13  9.447680e-14  1.507177e-13 -1.727071e-13  3.924740e-08  7.287796e-15 -1.665745e-15
 -5.645840e-08 -2.009850e-08 -1.040960e-13  9.149080e-14  1.491134e-13 -1.704577e-13  3.880330e-08  7.075217e-15 -1.592862e-15
 -5.620340e-08 -1.982860e-08 -1.030370e-13  8.865810e-14  1.475374e-13 -1.682646e-13  3.838510e-08  6.871753e-15 -1.524162e-15
 -5.597360e-08 -1.957240e-08 -1.020310e-13  8.597380e-14  1.459895e-13 -1.661258e-13  3.799290e-08  6.676892e-15 -1.459350e-15
 -5.574210e-08 -1.931900e-08 -1.010280e-13  8.339600e-14  1.444690e-13 -1.640392e-13  3.759930e-08  6.490158e-15 -1.398155e-15
 -5.550100e-08 -1.906540e-08 -1.000110e-13  8.091390e-14  1.429755e-13 -1.620031e-13  3.719660e-08  6.311106e-15 -1.340329e-15
 -5.527490e-08 -1.882140e-08 -9.902830e-14  7.855110e-14  1.415085e-13 -1.600156e-13  3.680940e-08  6.139322e-15 -1.285643e-15
 -5.506380e-08 -1.858700e-08 -9.807940e-14  7.630200e-14  1.400674e-13 -1.580751e-13  3.643770e-08  5.974418e-15 -1.233886e-15
 -5.486760e-08 -1.836210e-08 -9.716450e-14  7.416270e-14  1.386519e-13 -1.561800e-13  3.608160e-08  5.816034e-15 -1.184866e-15
 -5.468640e-08 -1.814680e-08 -9.628350e-14  7.212860e-14  1.372613e-13 -1.543287e-13  3.574100e-08  5.663832e-15 -1.138404e-15
 -5.452020e-08 -1.794110e-08 -9.543650e-14  7.019600e-14  1.358952e-13 -1.525196e-13  3.541600e-08  5.517494e-15 -1.094336e-15
 -5.436890e-08 -1.774490e-08 -9.462340e-14  6.836050e-14  1.345531e-13 -1.507515e-13  3.510650e-08  5.376724e-15 -1.052509e-15
 -5.423260e-08 -1.755830e-08 -9.384420e-14  6.661950e-14  1.332344e-13 -1.490230e-13  3.481250e-08  5.241244e-15 -1.012783e-15
 -5.411130e-08 -1.738130e-08 -9.309890e-14  6.496780e-14  1.319387e-13 -1.473327e-13  3.453410e-08  5.110792e-15 -9.750269e-16
 -5.398810e-08 -1.720510e-08 -9.235350e-14  6.336760e-14  1.306654e-13 -1.456795e-13  3.425440e-08  4.985124e-15 -9.391213e-16
 -5.385820e-08 -1.702720e-08 -9.159820e-14  6.180590e-14  1.294142e-13 -1.440621e-13  3.396860e-08  4.864010e-15 -9.049538e-16
 -5.373690e-08 -1.685560e-08 -9.086380e-14  6.031350e-14  1.281844e-13 -1.424793e-13  3.369190e-08  4.747231e-15 -8.724207e-16
 -5.362420e-08 -1.669010e-08 -9.015030e-14  5.888760e-14  1.269758e-13 -1.409302e-13  3.342440e-08  4.634584e-15 -8.414254e-16
 -5.352000e-08 -1.653090e-08 -8.945780e-14  5.752640e-14  1.257877e-13 -1.394136e-13  3.316600e-08  4.525878e-15 -8.118781e-16
 -5.342440e-08 -1.637790e-08 -8.878620e-14  5.622700e-14  1.246197e-13 -1.379286e-13  3.291670e-08  4.420930e-15 -7.836954e-16
 -5.333730e-08 -1.623120e-08 -8.813550e-14  5.498740e-14  1.234715e-13 -1.364742e-13  3.267650e-08  4.319570e-15 -7.567995e-16
 -5.325870e-08 -1.609060e-08 -8.750570e-14  5.380580e-14  1.223425e-13 -1.350494e-13  3.244540e-08  4.221637e-15 -7.311177e-16
 -5.318870e-08 -1.595630e-08 -8.689690e-14  5.267990e-14  1.212323e-13 -1.336534e-13  3.222350e-08  4.126977e-15 -7.065824e-16
 -5.312720e-08 -1.582830e-08 -8.630900e-14  5.160820e-14  1.201406e-13 -1.322853e-13  3.201070e-08  4.035448e-15 -6.831303e-16
 -5.306490e-08 -1.570000e-08 -8.572250e-14  5.056090e-14  1.190668e-13 -1.309443e-13  3.179760e-08  3.946912e-15 -6.607025e-16
 -5.299910e-08 -1.556980e-08 -8.513210e-14  4.952860e-14  1.180107e-13 -1.296296e-13  3.158160e-08  3.861241e-15 -6.392435e-16
 -5.293820e-08 -1.544340e-08 -8.455520e-14  4.853650e-14  1.169718e-13 -1.283404e-13  3.137110e-08  3.778313e-15 -6.187017e-16
 -5.288230e-08 -1.532080e-08 -8.399180e-14  4.758310e-14  1.159497e-13 -1.270760e-13  3.116610e-08  3.698013e-15 -5.990286e-16
 -5.283140e-08 -1.520190e-08 -8.344190e-14  4.666610e-14  1.149441e-13 -1.258357e-13  3.096670e-08  3.620230e-15 -5.801788e-16
 -5.278540e-08 -1.508690e-08 -8.290560e-14  4.578670e-14  1.139547e-13 -1.246188e-13  3.077290e-08  3.544860e-15 -5.621098e-16
 -5.274440e-08 -1.497560e-08 -8.238270e-14  4.494090e-14  1.129809e-13 -1.234248e-13  3.058450e-08  3.471806e-15 -5.447815e-16
 -5.270840e-08 -1.486820e-08 -8.187340e-14  4.412960e-14  1.120226e-13 -1.222528e-13  3.040170e-08  3.400973e-15 -5.281564e-16
 -5.267730e-08 -1.476450e-08 -8.137760e-14  4.335140e-14  1.110794e-13 -1.211024e-13  3.022450e-08  3.332272e-15 -5.121992e-16
 -5.265110e-08 -1.466460e-08 -8.089530e-14  4.260430e-14  1.101509e-13 -1.199729e-13  3.005280e-08  3.265618e-15 -4.968767e-16
9 3 4 160 10.2500 89.7500 0.5000 C
 -2.628190e-07 -7.178850e-08 -3.972370e-13  2.023090e-13  0.000000e+00  0.000000e+00  1.476620e-07  0.000000e+00  0.000000e+00
 -2.622900e-07 -6.937950e-08 -3.858930e-13  1.865420e-13  0.000000e+00  0.000000e+00  1.435840e-07  0.000000e+00  0.000000e+00
 -2.620700e-07 -6.720390e-08 -3.755810e-13  1.732950e-13  0.000000e+00  0.000000e+00  1.398900e-07  0.000000e+00  0.000000e+00
 -2.621600e-07 -6.526150e-08 -3.663010e-13  1.622470e-13  0.000000e+00  0.000000e+00  1.365810e-07  0.000000e+00  0.000000e+00
 -2.622980e-07 -6.334140e-08 -3.574400e-13  1.524680e-13  0.000000e+00  0.000000e+00  1.333960e-07  0.000000e+00  0.000000e+00
 -2.623100e-07 -6.130360e-08 -3.485940e-13  1.433840e-13  0.000000e+00  0.000000e+00  1.301650e-07  0.000000e+00  0.000000e+00
 -2.623990e-07 -5.931180e-08 -3.402360e-13  1.353920e-13  0.000000e+00  0.000000e+00  1.270870e-07  0.000000e+00  0.000000e+00
 -2.625640e-07 -5.736610e-08 -3.323670e-13  1.283730e-13  0.000000e+00  0.000000e+00  1.241640e-07  0.000000e+00  0.000000e+00
 -2.628060e-07 -5.546660e-08 -3.249850e-13  1.222230e-13  0.000000e+00  0.000000e+00  1.213950e-07  0.000000e+00  0.000000e+00
 -2.631250e-07 -5.361330e-08 -3.180910e-13  1.168550e-13  0.000000e+00  0.000000e+00  1.187800e-07  0.000000e+00  0.000000e+00
 -2.635200e-07 -5.180620e-08 -3.116830e-13  1.121890e-13  0.000000e+00  0.000000e+00  1.163190e-07  0.000000e+00  0.000000e+00
 -2.639920e-07 -5.004530e-08 -3.057620e-13  1.081610e-13  0.000000e+00  0.000000e+00  1.140110e-07  0.000000e+00  0.000000e+00
 -2.643130e-07 -4.814540e-08 -2.997040e-13  1.042600e-13  0.000000e+00  0.000000e+00  1.116330e-07  0.000000e+00  0.000000e+00
 -2.644040e-07 -4.604150e-08 -2.932890e-13  1.003220e-13  0.000000e+00  0.000000e+00  1.091080e-07  0.000000e+00  0.000000e+00
 -2.644660e-07 -4.389740e-08 -2.870680e-13  9.672390e-14  0.000000e+00  0.000000e+00  1.066310e-07  0.000000e+00  0.000000e+00
 -2.644970e-07 -4.171320e-08 -2.810400e-13  9.343620e-14  0.000000e+00  0.000000e+00  1.042030e-07  0.000000e+00  0.000000e+00
 -2.644990e-07 -3.948920e-08 -2.752060e-13  9.043370e-14  0.000000e+00  0.000000e+00  1.018240e-07  0.000000e+00  0.000000e+00
 -2.644710e-07 -3.722560e-08 -2.695650e-13  8.769300e-14  0.000000e+00  0.000000e+00  9.949470e-08  0.000000e+00  0.000000e+00
 -2.644130e-07 -3.492270e-08 -2.641180e-13  8.519450e-14  0.000000e+00  0.000000e+00  9.721410e-08  0.000000e+00  0.000000e+00
 -2.643250e-07 -3.258060e-08 -2.588650e-13  8.291860e-14  0.000000e+00  0.000000e+00  9.498260e-08  0.000000e+00  0.000000e+00
 -2.641250e-07 -3.015190e-08 -2.535400e-13  8.071360e-14  0.000000e+00  0.000000e+00  9.271840e-08  0.000000e+00  0.000000e+00
 -2.637840e-07 -2.762030e-08 -2.480530e-13  7.852740e-14  0.000000e+00  0.000000e+00  9.039280e-08  0.000000e+00  0.000000e+00
 -2.633750e-07 -2.502800e-08 -2.426360e-13  7.647350e-14  0.000000e+00  0.000000e+00  8.807810e-08  0.000000e+00  0.000000e+00
 -2.628980e-07 -2.237540e-08 -2.372890e-13  7.454170e-14  0.000000e+00  0.000000e+00  8.577450e-08  0.000000e+00  0.000000e+00
 -2.623530e-07 -1.966280e-08 -2.320130e-13  7.272450e-14  0.000000e+00  0.000000e+00  8.348210e-08  0.000000e+00  0.000000e+00
 -2.617410e-07 -1.689050e-08 -2.268070e-13  7.101360e-14  0.000000e+00  0.000000e+00  8.120110e-08  0.000000e+00  0.000000e+00
 -2.610610e-07 -1.405870e-08 -2.216710e-13  6.940330e-14  0.000000e+00  0.000000e+00  7.893140e-08  0.000000e+00  0.000000e+00
 -2.603140e-07 -1.116800e-08 -2.166060e-13  6.788580e-14  0.000000e+00  0.000000e+00  7.667330e-08  0.000000e+00  0.000000e+00
 -2.595000e-07 -8.218460e-09 -2.116120e-13  6.645570e-14  0.000000e+00  0.000000e+00  7.442680e-08  0.000000e+00  0.000000e+00
 -2.586200e-07 -5.210580e-09 -2.066880e-13  6.510870e-14  0.000000e+00  0.000000e+00  7.219200e-08  0.000000e+00  0.000000e+00
 -2.576550e-07 -2.145380e-09 -2.017560e-13  6.376800e-14  0.000000e+00  0.000000e+00  6.994950e-08  0.000000e+00  0.000000e+00
 -2.566020e-07  9.765600e-10 -1.967940e-13  6.241420e-14  0.000000e+00  0.000000e+00  6.769400e-08  0.000000e+00  0.000000e+00
 -2.554760e-07  4.155540e-09 -1.918740e-13  6.110990e-14  0.000000e+00  0.000000e+00  6.544310e-08  0.000000e+00  0.000000e+00
 -2.542780e-07  7.391180e-09 -1.869940e-13  5.985130e-14  0.000000e+00  0.000000e+00  6.319710e-08  0.000000e+00  0.000000e+00
 -2.530070e-07  1.068310e-08 -1.821570e-13  5.863650e-14  0.000000e+00  0.000000e+00  6.095600e-08  0.000000e+00  0.000000e+00
 -2.516650e-07  1.403090e-08 -1.773610e-13  5.746320e-14  0.000000e+00  0.000000e+00  5.871990e-08  0.000000e+00  0.000000e+00
 -2.502510e-07  1.743420e-08 -1.726070e-13  5.632870e-14  0.000000e+00  0.000000e+00  5.648910e-08  0.000000e+00  0.000000e+00
 -2.487660e-07  2.089260e-08 -1.678960e-13  5.523150e-14  0.000000e+00  0.000000e+00  5.426350e-08  0.000000e+00  0.000000e+00
 -2.472090e-07  2.440570e-08 -1.632270e-13  5.416920e-14  0.000000e+00  0.000000e+00  5.204340e-08  0.000000e+00  0.000000e+00
 -2.455830e-07  2.797300e-08 -1.586000e-13  5.314050e-14  0.000000e+00  0.000000e+00  4.982870e-08  0.000000e+00  0.000000e+00
 -2.439170e-07  3.156220e-08 -1.540180e-13  5.210340e-14  0.000000e+00  0.000000e+00  4.764040e-08  0.000000e+00  0.000000e+00
 -2.422200e-07  3.516370e-08 -1.494810e-13  5.104690e-14  0.000000e+00  0.000000e+00  4.548430e-08  0.000000e+00  0.000000e+00
 -2.404650e-07  3.880620e-08 -1.449880e-13  5.000700e-14  0.000000e+00  0.000000e+00  4.334190e-08  0.000000e+00  0.000000e+00
 -2.386520e-07  4.248920e-08 -1.405390e-13  4.898300e-14  0.000000e+00  0.000000e+00  4.121310e-08  0.000000e+00  0.000000e+00
 -2.367820e-07  4.621250e-08 -1.361340e-13  4.797460e-14  0.000000e+00  0.000000e+00  3.909820e-08  0.000000e+00  0.000000e+00
 -2.348540e-07  4.997560e-08 -1.317730e-13  4.698090e-14  0.000000e+00  0.000000e+00  3.699710e-08  0.000000e+00  0.000000e+00
 -2.328700e-07  5.377800e-08 -1.274560e-13  4.600170e-14  0.000000e+00  0.000000e+00  3.491000e-08  0.000000e+00  0.000000e+00
 -2.308290e-07  5.761950e-08 -1.231830e-13  4.503560e-14  0.000000e+00  0.000000e+00  3.283690e-08  0.000000e+00  0.000000e+00
 -2.287320e-07  6.149940e-08 -1.189540e-13  4.408340e-14  0.000000e+00  0.000000e+00  3.077790e-08  0.000000e+00  0.000000e+00
 -2.265790e-07  6.541750e-08 -1.147700e-13  4.314280e-14  0.000000e+00  0.000000e+00  2.873320e-08  0.000000e+00  0.000000e+00
 -2.243700e-07  6.937330e-08 -1.106300e-13  4.221500e-14  0.000000e+00  0.000000e+00  2.670270e-08  0.000000e+00  0.000000e+00
 -2.221060e-07  7.336630e-08 -1.065350e-13  4.129820e-14  0.000000e+00  0.000000e+00  2.468660e-08  0.000000e+00  0.000000e+00
 -2.197880e-07  7.739620e-08 -1.024840e-13  4.039290e-14  0.000000e+00  0.000000e+00  2.268480e-08  0.000000e+00  0.000000e+00
 -2.174140e-07  8.146240e-08 -9.847820e-14  3.949830e-14  0.000000e+00  0.000000e+00  2.069760e-08  0.000000e+00  0.000000e+00
 -2.149870e-07  8.556460e-08 -9.451700e-14  3.861380e-14  0.000000e+00  0.000000e+00  1.872500e-08  0.000000e+00  0.000000e+00
 -2.125060e-07  8.970220e-08 -9.060070e-14  3.773990e-14  0.000000e+00  0.000000e+00  1.676700e-08  0.000000e+00  0.000000e+00
 -2.099710e-07  9.387480e-08 -8.672940e-14  3.687540e-14  0.000000e+00  0.000000e+00  1.482370e-08  0.000000e+00  0.000000e+00
 -2.073830e-07  9.808200e-08 -8.290290e-14  3.602020e-14  0.000000e+00  0.000000e+00  1.289520e-08  0.000000e+00  0.000000e+00
 -2.047430e-07  1.023230e-07 -7.912160e-14  3.517410e-14  0.000000e+00  0.000000e+00  1.098150e-08  0.000000e+00  0.000000e+00
 -2.020510e-07  1.065980e-07 -7.538520e-14  3.433670e-14  0.000000e+00  0.000000e+00  9.082790e-09  0.000000e+00  0.000000e+00
 -1.994160e-07  1.108030e-07 -7.177500e-14  3.347590e-14  0.000000e+00  0.000000e+00  7.269640e-09  0.000000e+00  0.000000e+00
 -1.968540e-07  1.149240e-07 -6.830260e-14  3.258820e-14  0.000000e+00  0.000000e+00  5.552120e-09  0.000000e+00  0.000000e+00
 -1.942610e-07  1.190580e-07 -6.489050e-14  3.170410e-14  0.000000e+00  0.000000e+00  3.862940e-09  0.000000e+00  0.000000e+00
 -1.916390e-07  1.232050e-07 -6.153870e-14  3.082390e-14  0.000000e+00  0.000000e+00  2.202080e-09  0.000000e+00  0.000000e+00
 -1.889860e-07  1.273630e-07 -5.824720e-14  2.994710e-14  0.000000e+00  0.000000e+00  5.695250e-10  0.000000e+00  0.000000e+00
 -1.863040e-07  1.315340e-07 -5.501590e-14  2.907410e-14  0.000000e+00  0.000000e+00 -1.034740e-09  0.000000e+00  0.000000e+00
 -1.835930e-07  1.357150e-07 -5.184470e-14  2.820430e-14  0.000000e+00  0.000000e+00 -2.610750e-09  0.000000e+00  0.000000e+00
 -1.808520e-07  1.399080e-07 -4.873350e-14  2.733840e-14  0.000000e+00  0.000000e+00 -4.158520e-09  0.000000e+00  0.000000e+00
 -1.780830e-07  1.441110e-07 -4.568220e-14  2.647590e-14  0.000000e+00  0.000000e+00 -5.678090e-09  0.000000e+00  0.000000e+00
 -1.752860e-07  1.483240e-07 -4.269090e-14  2.561650e-14  0.000000e+00  0.000000e+00 -7.169490e-09  0.000000e+00  0.000000e+00
 -1.724600e-07  1.525480e-07 -3.975920e-14  2.476010e-14  0.000000e+00  0.000000e+00 -8.632760e-09  0.000000e+00  0.000000e+00
 -1.696070e-07  1.567800e-07 -3.688720e-14  2.390780e-14  0.000000e+00  0.000000e+00 -1.006790e-08  0.000000e+00  0.000000e+00
 -1.667270e-07  1.610210e-07 -3.407470e-14  2.305850e-14  0.000000e+00  0.000000e+00 -1.147510e-08  0.000000e+00  0.000000e+00
 -1.638190e-07  1.652710e-07 -3.132160e-14  2.221240e-14  0.000000e+00  0.000000e+00 -1.285420e-08  0.000000e+00  0.000000e+00
 -1.608850e-07  1.695290e-07 -2.862780e-14  2.136990e-14  0.000000e+00  0.000000e+00 -1.420530e-08  0.000000e+00  0.000000e+00
 -1.579250e-07  1.737950e-07 -2.599310e-14  2.053030e-14  0.000000e+00  0.000000e+00 -1.552850e-08  0.000000e+00  0.000000e+00
 -1.549390e-07  1.780680e-07 -2.341740e-14  1.969410e-14  0.000000e+00  0.000000e+00 -1.682390e-08  0.000000e+00  0.000000e+00
 -1.519270e-07  1.823470e-07 -2.090060e-14  1.886140e-14  0.000000e+00  0.000000e+00 -1.809150e-08  0.000000e+00  0.000000e+00
 -1.488890e-07  1.866340e-07 -1.844250e-14  1.803160e-14  0.000000e+00  0.000000e+00 -1.933130e-08  0.000000e+00  0.000000e+00
 -1.458270e-07  1.909260e-07 -1.604300e-14  1.720510e-14  0.000000e+00  0.000000e+00 -2.054340e-08  0.000000e+00  0.000000e+00
 -1.428510e-07  1.950750e-07 -1.376980e-14  1.640550e-14  0.000000e+00  0.000000e+00 -2.167080e-08  0.000000e+00  0.000000e+00
 -1.399750e-07  1.990600e-07 -1.163220e-14  1.563560e-14  0.000000e+00  0.000000e+00 -2.270540e-08  0.000000e+00  0.000000e+00
 -1.370960e-07  2.030230e-07 -9.565340e-15  1.487230e-14  0.000000e+00  0.000000e+00 -2.370190e-08  0.000000e+00  0.000000e+00
 -1.342140e-07  2.069620e-07 -7.568830e-15  1.411580e-14  0.000000e+00  0.000000e+00 -2.466050e-08  0.000000e+00  0.000000e+00
 -1.313290e-07  2.108790e-07 -5.642420e-15  1.336530e-14  0.000000e+00  0.000000e+00 -2.558130e-08  0.000000e+00  0.000000e+00
 -1.284410e-07  2.147710e-07 -3.785830e-15  1.262110e-14  0.000000e+00  0.000000e+00 -2.646450e-08  0.000000e+00  0.000000e+00
 -1.255500e-07  2.186400e-07 -1.998750e-15  1.188320e-14  0.000000e+00  0.000000e+00 -2.731020e-08  0.000000e+00  0.000000e+00
 -1.226580e-07  2.224850e-07 -2.808850e-16  1.115130e-14  0.000000e+00  0.000000e+00 -2.811860e-08  0.000000e+00  0.000000e+00
 -1.197630e-07  2.263060e-07  1.368060e-15  1.042520e-14  0.000000e+00  0.000000e+00 -2.888990e-08  0.000000e+00  0.000000e+00
 -1.168660e-07  2.301020e-07  2.948420e-15  9.705070e-15  0.000000e+00  0.000000e+00 -2.962420e-08  0.000000e+00  0.000000e+00
 -1.139680e-07  2.338740e-07  4.460500e-15  8.990720e-15  0.000000e+00  0.000000e+00 -3.032170e-08  0.000000e+00  0.000000e+00
 -1.110690e-07  2.376210e-07  5.904620e-15  8.281970e-15  0.000000e+00  0.000000e+00 -3.098260e-08  0.000000e+00  0.000000e+00
 -1.081680e-07  2.413420e-07  7.281150e-15  7.578790e-15  0.000000e+00  0.000000e+00 -3.160710e-08  0.000000e+00  0.000000e+00
 -1.052660e-07  2.450380e-07  8.590420e-15  6.881230e-15  0.000000e+00  0.000000e+00 -3.219530e-08  0.000000e+00  0.000000e+00
 -1.023640e-07  2.487090e-07  9.832770e-15  6.188960e-15  0.000000e+00  0.000000e+00 -3.274750e-08  0.000000e+00  0.000000e+00
 -9.946150e-08  2.523540e-07  1.100860e-14  5.502210e-15  0.000000e+00  0.000000e+00 -3.326390e-08  0.000000e+00  0.000000e+00
 -9.655870e-08  2.559730e-07  1.211820e-14  4.820680e-15  0.000000e+00  0.000000e+00 -3.374460e-08  0.000000e+00  0.000000e+00
 -9.365590e-08  2.595650e-07  1.316200e-14  4.144390e-15  0.000000e+00  0.000000e+00 -3.418990e-08  0.000000e+00  0.000000e+00
 -9.075350e-08  2.631310e-07  1.414040e-14  3.473250e-15  0.000000e+00  0.000000e+00 -3.459990e-08  0.000000e+00  0.000000e+00
 -8.785150e-08  2.666700e-07  1.505370e-14  2.807230e-15  0.000000e+00  0.000000e+00 -3.497490e-08  0.000000e+00  0.000000e+00
 -8.500050e-08  2.700590e-07  1.591650e-14  2.187880e-15  0.000000e+00  0.000000e+00 -3.531270e-08  0.000000e+00  0.000000e+00
 -8.220740e-08  2.732790e-07  1.673100e-14  1.619840e-15  0.000000e+00  0.000000e+00 -3.561310e-08  0.000000e+00  0.000000e+00
 -7.942480e-08  2.764500e-07  1.748440e-14  1.062990e-15  0.000000e+00  0.000000e+00 -3.587880e-08  0.000000e+00  0.000000e+00
 -7.665280e-08  2.795700e-07  1.817680e-14  5.170360e-16  0.000000e+00  0.000000e+00 -3.610980e-08  0.000000e+00  0.000000e+00
 -7.389150e-08  2.826400e-07  1.880880e-14 -1.823910e-17  0.000000e+00  0.000000e+00 -3.630650e-08  0.000000e+00  0.000000e+00
 -7.114120e-08  2.856600e-07  1.938070e-14 -5.430650e-16  0.000000e+00  0.000000e+00 -3.646910e-08  0.000000e+00  0.000000e+00
 -6.840190e-08  2.886300e-07  1.989300e-14 -1.057670e-15  0.000000e+00  0.000000e+00 -3.659790e-08  0.000000e+00  0.000000e+00
 -6.567380e-08  2.915500e-07  2.034600e-14 -1.562280e-15  0.000000e+00  0.000000e+00 -3.669290e-08  0.000000e+00  0.000000e+00
 -6.295710e-08  2.944200e-07  2.074030e-14 -2.057110e-15  0.000000e+00  0.000000e+00 -3.675470e-08  0.000000e+00  0.000000e+00
 -6.025190e-08  2.972400e-07  2.107610e-14 -2.542330e-15  0.000000e+00  0.000000e+00 -3.678320e-08  0.000000e+00  0.000000e+00
 -5.755850e-08  3.000100e-07  2.135400e-14 -3.018090e-15  0.000000e+00  0.000000e+00 -3.677890e-08  0.000000e+00  0.000000e+00
 -5.487690e-08  3.027300e-07  2.157440e-14 -3.484720e-15  0.000000e+00  0.000000e+00 -3.674200e-08  0.000000e+00  0.000000e+00
 -5.220730e-08  3.053990e-07  2.173780e-14 -3.942310e-15  0.000000e+00  0.000000e+00 -3.667280e-08  0.000000e+00  0.000000e+00
 -4.954990e-08  3.080190e-07  2.184460e-14 -4.391110e-15  0.000000e+00  0.000000e+00 -3.657140e-08  0.000000e+00  0.000000e+00
 -4.690480e-08  3.105890e-07  2.189520e-14 -4.831170e-15  0.000000e+00  0.000000e+00 -3.643830e-08  0.000000e+00  0.000000e+00
 -4.427220e-08  3.131080e-07  2.189020e-14 -5.262720e-15  0.000000e+00  0.000000e+00 -3.627360e-08  0.000000e+00  0.000000e+00
 -4.165220e-08  3.155780e-07  2.183000e-14 -5.685860e-15  0.000000e+00  0.000000e+00 -3.607760e-08  0.000000e+00  0.000000e+00
 -3.904500e-08  3.179980e-07  2.171520e-14 -6.101060e-15  0.000000e+00  0.000000e+00 -3.585070e-08  0.000000e+00  0.000000e+00
 -3.645070e-08  3.203680e-07  2.154610e-14 -6.507950e-15  0.000000e+00  0.000000e+00 -3.559300e-08  0.000000e+00  0.000000e+00
 -3.386960e-08  3.226880e-07  2.132330e-14 -6.907180e-15  0.000000e+00  0.000000e+00 -3.530490e-08  0.000000e+00  0.000000e+00
 -3.130800e-08  3.248810e-07  2.111560e-14 -7.275090e-15  0.000000e+00  0.000000e+00 -3.501930e-08  0.000000e+00  0.000000e+00
 -2.876700e-08  3.269350e-07  2.093290e-14 -7.609370e-15  0.000000e+00  0.000000e+00 -3.474080e-08  0.000000e+00  0.000000e+00
 -2.624070e-08  3.289260e-07  2.071040e-14 -7.932470e-15  0.000000e+00  0.000000e+00 -3.443870e-08  0.000000e+00  0.000000e+00
 -2.372930e-08  3.308530e-07  2.044830e-14 -8.244810e-15  0.000000e+00  0.000000e+00 -3.411320e-08  0.000000e+00  0.000000e+00
 -2.123280e-08  3.327170e-07  2.014720e-14 -8.546820e-15  0.000000e+00  0.000000e+00 -3.376450e-08  0.000000e+00  0.000000e+00
 -1.875150e-08  3.345180e-07  1.980750e-14 -8.838230e-15  0.000000e+00  0.000000e+00 -3.339290e-08  0.000000e+00  0.000000e+00
 -1.628540e-08  3.362560e-07  1.942940e-14 -9.119450e-15  0.000000e+00  0.000000e+00 -3.299860e-08  0.000000e+00  0.000000e+00
 -1.383470e-08  3.379320e-07  1.901350e-14 -9.391080e-15  0.000000e+00  0.000000e+00 -3.258190e-08  0.000000e+00  0.000000e+00
 -1.139960e-08  3.395450e-07  1.856010e-14 -9.652800e-15  0.000000e+00  0.000000e+00 -3.214300e-08  0.000000e+00  0.000000e+00
 -8.980050e-09  3.410960e-07  1.806960e-14 -9.905210e-15  0.000000e+00  0.000000e+00 -3.168210e-08  0.000000e+00  0.000000e+00
 -6.576370e-09  3.425850e-07  1.754250e-14 -1.014810e-14  0.000000e+00  0.000000e+00 -3.119960e-08  0.000000e+00  0.000000e+00
 -4.188610e-09  3.440120e-07  1.697920e-14 -1.038220e-14  0.000000e+00  0.000000e+00 -3.069570e-08  0.000000e+00  0.000000e+00
 -1.816950e-09  3.453780e-07  1.638010e-14 -1.060720e-14  0.000000e+00  0.000000e+00 -3.017060e-08  0.000000e+00  0.000000e+00
  5.385340e-10  3.466830e-07  1.574570e-14 -1.082380e-14  0.000000e+00  0.000000e+00 -2.962460e-08  0.000000e+00  0.000000e+00
  2.877650e-09  3.479270e-07  1.507630e-14 -1.103150e-14  0.000000e+00  0.000000e+00 -2.905800e-08  0.000000e+00  0.000000e+00
  5.200280e-09  3.491100e-07  1.437240e-14 -1.123130e-14  0.000000e+00  0.000000e+00 -2.847110e-08  0.000000e+00  0.000000e+00
  7.506340e-09  3.502330e-07  1.363450e-14 -1.142240e-14  0.000000e+00  0.000000e+00 -2.786410e-08  0.000000e+00  0.000000e+00
  9.795630e-09  3.512960e-07  1.286300e-14 -1.160550e-14  0.000000e+00  0.000000e+00 -2.723730e-08  0.000000e+00  0.000000e+00
  1.206810e-08  3.523000e-07  1.205840e-14 -1.178120e-14  0.000000e+00  0.000000e+00 -2.659090e-08  0.000000e+00  0.000000e+00
  1.432350e-08  3.532430e-07  1.122110e-14 -1.194890e-14  0.000000e+00  0.000000e+00 -2.592540e-08  0.000000e+00  0.000000e+00
  1.657250e-08  3.540910e-07  1.042740e-14 -1.209920e-14  0.000000e+00  0.000000e+00 -2.528310e-08  0.000000e+00  0.000000e+00
  1.881630e-08  3.548370e-07  9.688140e-15 -1.223060e-14  0.000000e+00  0.000000e+00 -2.467010e-08  0.000000e+00  0.000000e+00
  2.104460e-08  3.555180e-07  8.931070e-15 -1.235350e-14  0.000000e+00  0.000000e+00 -2.404620e-08  0.000000e+00  0.000000e+00
  2.325730e-08  3.561350e-07  8.156480e-15 -1.246730e-14  0.000000e+00  0.000000e+00 -2.341170e-08  0.000000e+00  0.000000e+00
  2.545410e-08  3.566870e-07  7.364700e-15 -1.257330e-14  0.000000e+00  0.000000e+00 -2.276660e-08  0.000000e+00  0.000000e+00
  2.763510e-08  3.571750e-07  6.556010e-15 -1.267060e-14  0.000000e+00  0.000000e+00 -2.211130e-08  0.000000e+00  0.000000e+00
  2.979990e-08  3.575990e-07  5.730730e-15 -1.276030e-14  0.000000e+00  0.000000e+00 -2.144580e-08  0.000000e+00  0.000000e+00
  3.194850e-08  3.579600e-07  4.889160e-15 -1.284200e-14  0.000000e+00  0.000000e+00 -2.077050e-08  0.000000e+00  0.000000e+00
  3.408070e-08  3.582590e-07  4.031600e-15 -1.291610e-14  0.000000e+00  0.000000e+00 -2.008540e-08  0.000000e+00  0.000000e+00
  3.619630e-08  3.584950e-07  3.158380e-15 -1.298220e-14  0.000000e+00  0.000000e+00 -1.939090e-08  0.000000e+00  0.000000e+00
  3.829530e-08  3.586690e-07  2.269790e-15 -1.304150e-14  0.000000e+00  0.000000e+00 -1.868700e-08  0.000000e+00  0.000000e+00
  4.037740e-08  3.587820e-07  1.366170e-15 -1.309360e-14  0.000000e+00  0.000000e+00 -1.797400e-08  0.000000e+00  0.000000e+00
  4.244250e-08  3.588340e-07  4.478370e-16 -1.313820e-14  0.000000e+00  0.000000e+00 -1.725220e-08  0.000000e+00  0.000000e+00
  4.449050e-08  3.588260e-07 -4.849120e-16 -1.317650e-14  0.000000e+00  0.000000e+00 -1.652160e-08  0.000000e+00  0.000000e+00
  4.652120e-08  3.587570e-07 -1.431720e-15 -1.320770e-14  0.000000e+00  0.000000e+00 -1.578260e-08  0.000000e+00  0.000000e+00
  4.853440e-08  3.586290e-07 -2.392300e-15 -1.323270e-14  0.000000e+00  0.000000e+00 -1.503530e-08  0.000000e+00  0.000000e+00
  5.053010e-08  3.584410e-07 -3.366290e-15 -1.325090e-14  0.000000e+00  0.000000e+00 -1.428000e-08  0.000000e+00  0.000000e+00
  5.250800e-08  3.581950e-07 -4.353380e-15 -1.326320e-14  0.000000e+00  0.000000e+00 -1.351680e-08  0.000000e+00  0.000000e+00
  5.446810e-08  3.578910e-07 -5.353240e-15 -1.326940e-14  0.000000e+00  0.000000e+00 -1.274590e-08  0.000000e+00  0.000000e+00
  5.641020e-08  3.575290e-07 -6.365520e-15 -1.326920e-14  0.000000e+00  0.000000e+00 -1.196770e-08  0.000000e+00  0.000000e+00
9 4 4 90 90.5000 179.5000 1.0000 C
  1.186120e-07  7.137100e-07 -1.556270e-14 -2.651200e-14  0.000000e+00  0.000000e+00 -2.172090e-08  0.000000e+00  0.000000e+00
  1.262380e-07  7.114790e-07 -1.918790e-14 -2.643240e-14  0.000000e+00  0.000000e+00 -1.885640e-08  0.000000e+00  0.000000e+00
  1.337250e-07  7.087890e-07 -2.281690e-14 -2.630800e-14  0.000000e+00  0.000000e+00 -1.598960e-08  0.000000e+00  0.000000e+00
  1.410720e-07  7.056490e-07 -2.644680e-14 -2.614210e-14  0.000000e+00  0.000000e+00 -1.312230e-08  0.000000e+00  0.000000e+00
  1.482760e-07  7.020680e-07 -3.007480e-14 -2.593530e-14  0.000000e+00  0.000000e+00 -1.025650e-08  0.000000e+00  0.000000e+00
  1.553340e-07  6.980530e-07 -3.369810e-14 -2.569000e-14  0.000000e+00  0.000000e+00 -7.394200e-09  0.000000e+00  0.000000e+00
  1.622440e-07  6.936160e-07 -3.731360e-14 -2.540820e-14  0.000000e+00  0.000000e+00 -4.537410e-09  0.000000e+00  0.000000e+00
  1.690030e-07  6.887650e-07 -4.091850e-14 -2.509170e-14  0.000000e+00  0.000000e+00 -1.688150e-09  0.000000e+00  0.000000e+00
  1.756080e-07  6.835090e-07 -4.450980e-14 -2.474240e-14  0.000000e+00  0.000000e+00  1.151560e-09  0.000000e+00  0.000000e+00
  1.820580e-07  6.778580e-07 -4.808460e-14 -2.436200e-14  0.000000e+00  0.000000e+00  3.979640e-09  0.000000e+00  0.000000e+00
  1.883470e-07  6.718320e-07 -5.147440e-14 -2.397630e-14  0.000000e+00  0.000000e+00  6.689650e-09  0.000000e+00  0.000000e+00
  1.944730e-07  6.654420e-07 -5.463440e-14 -2.359320e-14  0.000000e+00  0.000000e+00  9.253270e-09  0.000000e+00  0.000000e+00
  2.004360e-07  6.586910e-07 -5.771530e-14 -2.319040e-14  0.000000e+00  0.000000e+00  1.176520e-08  0.000000e+00  0.000000e+00
  2.062310e-07  6.515880e-07 -6.071600e-14 -2.276990e-14  0.000000e+00  0.000000e+00  1.422470e-08  0.000000e+00  0.000000e+00
  2.118580e-07  6.441430e-07 -6.363570e-14 -2.233210e-14  0.000000e+00  0.000000e+00  1.663100e-08  0.000000e+00  0.000000e+00
  2.173130e-07  6.363670e-07 -6.647330e-14 -2.187880e-14  0.000000e+00  0.000000e+00  1.898330e-08  0.000000e+00  0.000000e+00
  2.225950e-07  6.282700e-07 -6.922820e-14 -2.140990e-14  0.000000e+00  0.000000e+00  2.128100e-08  0.000000e+00  0.000000e+00
  2.277000e-07  6.198630e-07 -7.189920e-14 -2.092780e-14  0.000000e+00  0.000000e+00  2.352320e-08  0.000000e+00  0.000000e+00
  2.326270e-07  6.111570e-07 -7.448570e-14 -2.043210e-14  0.000000e+00  0.000000e+00  2.570920e-08  0.000000e+00  0.000000e+00
  2.373730e-07  6.021620e-07 -7.698670e-14 -1.992450e-14  0.000000e+00  0.000000e+00  2.783840e-08  0.000000e+00  0.000000e+00
  2.418960e-07  5.929260e-07 -7.930710e-14 -1.940770e-14  0.000000e+00  0.000000e+00  2.984790e-08  0.000000e+00  0.000000e+00
  2.461840e-07  5.834680e-07 -8.142320e-14 -1.888310e-14  0.000000e+00  0.000000e+00  3.172170e-08  0.000000e+00  0.000000e+00
  2.502730e-07  5.737660e-07 -8.342180e-14 -1.834960e-14  0.000000e+00  0.000000e+00  3.351710e-08  0.000000e+00  0.000000e+00
  2.541590e-07  5.638320e-07 -8.530360e-14 -1.780790e-14  0.000000e+00  0.000000e+00  3.523420e-08  0.000000e+00  0.000000e+00
  2.578420e-07  5.536750e-07 -8.706910e-14 -1.725960e-14  0.000000e+00  0.000000e+00  3.687340e-08  0.000000e+00  0.000000e+00
  2.613200e-07  5.433070e-07 -8.871900e-14 -1.670490e-14  0.000000e+00  0.000000e+00  3.843490e-08  0.000000e+00  0.000000e+00
  2.645910e-07  5.327400e-07 -9.025390e-14 -1.614480e-14  0.000000e+00  0.000000e+00  3.991900e-08  0.000000e+00  0.000000e+00
  2.676530e-07  5.219840e-07 -9.167480e-14 -1.557980e-14  0.000000e+00  0.000000e+00  4.132610e-08  0.000000e+00  0.000000e+00
  2.705060e-07  5.110510e-07 -9.298210e-14 -1.501100e-14  0.000000e+00  0.000000e+00  4.265630e-08  0.000000e+00  0.000000e+00
  2.731470e-07  4.999520e-07 -9.417680e-14 -1.443940e-14  0.000000e+00  0.000000e+00  4.391020e-08  0.000000e+00  0.000000e+00
  2.755110e-07  4.887480e-07 -9.522490e-14 -1.390230e-14  0.000000e+00  0.000000e+00  4.506020e-08  0.000000e+00  0.000000e+00
  2.775810e-07  4.774620e-07 -9.611920e-14 -1.340980e-14  0.000000e+00  0.000000e+00  4.610030e-08  0.000000e+00  0.000000e+00
  2.794160e-07  4.660600e-07 -9.689290e-14 -1.292650e-14  0.000000e+00  0.000000e+00  4.705680e-08  0.000000e+00  0.000000e+00
  2.810160e-07  4.545530e-07 -9.754750e-14 -1.245220e-14  0.000000e+00  0.000000e+00  4.793070e-08  0.000000e+00  0.000000e+00
  2.823810e-07  4.429510e-07 -9.808450e-14 -1.198770e-14  0.000000e+00  0.000000e+00  4.872280e-08  0.000000e+00  0.000000e+00
  2.835090e-07  4.312670e-07 -9.850550e-14 -1.153190e-14  0.000000e+00  0.000000e+00  4.943420e-08  0.000000e+00  0.000000e+00
  2.844020e-07  4.195100e-07 -9.881200e-14 -1.108540e-14  0.000000e+00  0.000000e+00  5.006580e-08  0.000000e+00  0.000000e+00
  2.850600e-07  4.076920e-07 -9.900580e-14 -1.064780e-14  0.000000e+00  0.000000e+00  5.061850e-08  0.000000e+00  0.000000e+00
  2.854810e-07  3.958250e-07 -9.908840e-14 -1.021890e-14  0.000000e+00  0.000000e+00  5.109350e-08  0.000000e+00  0.000000e+00
  2.856670e-07  3.839200e-07 -9.906140e-14 -9.799300e-15  0.000000e+00  0.000000e+00  5.149180e-08  0.000000e+00  0.000000e+00
  2.855470e-07  3.720380e-07 -9.891180e-14 -9.382610e-15  0.000000e+00  0.000000e+00  5.180270e-08  0.000000e+00  0.000000e+00
  2.851080e-07  3.602010e-07 -9.863790e-14 -8.967630e-15  0.000000e+00  0.000000e+00  5.202470e-08  0.000000e+00  0.000000e+00
  2.844130e-07  3.483750e-07 -9.825550e-14 -8.560150e-15  0.000000e+00  0.000000e+00  5.216990e-08  0.000000e+00  0.000000e+00
  2.834660e-07  3.365690e-07 -9.776680e-14 -8.159800e-15  0.000000e+00  0.000000e+00  5.223970e-08  0.000000e+00  0.000000e+00
  2.822660e-07  3.247940e-07 -9.717370e-14 -7.766980e-15  0.000000e+00  0.000000e+00  5.223540e-08  0.000000e+00  0.000000e+00
  2.808180e-07  3.130610e-07 -9.647860e-14 -7.382090e-15  0.000000e+00  0.000000e+00  5.215850e-08  0.000000e+00  0.000000e+00
  2.791210e-07  3.013790e-07 -9.568350e-14 -7.004550e-15  0.000000e+00  0.000000e+00  5.201040e-08  0.000000e+00  0.000000e+00
  2.771790e-07  2.897600e-07 -9.479080e-14 -6.634760e-15  0.000000e+00  0.000000e+00  5.179250e-08  0.000000e+00  0.000000e+00
  2.749920e-07  2.782140e-07 -9.380250e-14 -6.273110e-15  0.000000e+00  0.000000e+00  5.150630e-08  0.000000e+00  0.000000e+00
  2.725640e-07  2.667510e-07 -9.272110e-14 -5.919280e-15  0.000000e+00  0.000000e+00  5.115320e-08  0.000000e+00  0.000000e+00
  2.698350e-07  2.554340e-07 -9.155230e-14 -5.584890e-15  0.000000e+00  0.000000e+00  5.073460e-08  0.000000e+00  0.000000e+00
  2.667960e-07  2.442830e-07 -9.029920e-14 -5.271610e-15  0.000000e+00  0.000000e+00  5.025180e-08  0.000000e+00  0.000000e+00
  2.635060e-07  2.332600e-07 -8.896070e-14 -4.969640e-15  0.000000e+00  0.000000e+00  4.970670e-08  0.000000e+00  0.000000e+00
  2.599690e-07  2.223740e-07 -8.753920e-14 -4.678200e-15  0.000000e+00  0.000000e+00  4.910080e-08  0.000000e+00  0.000000e+00
  2.561890e-07  2.116360e-07 -8.603670e-14 -4.397320e-15  0.000000e+00  0.000000e+00  4.843560e-08  0.000000e+00  0.000000e+00
  2.521700e-07  2.010540e-07 -8.445570e-14 -4.127030e-15  0.000000e+00  0.000000e+00  4.771270e-08  0.000000e+00  0.000000e+00
  2.479160e-07  1.906370e-07 -8.279840e-14 -3.866950e-15  0.000000e+00  0.000000e+00  4.693370e-08  0.000000e+00  0.000000e+00
  2.434310e-07  1.803950e-07 -8.106710e-14 -3.616770e-15  0.000000e+00  0.000000e+00  4.610010e-08  0.000000e+00  0.000000e+00
  2.387200e-07  1.703370e-07 -7.926440e-14 -3.376500e-15  0.000000e+00  0.000000e+00  4.521370e-08  0.000000e+00  0.000000e+00
  2.337860e-07  1.604730e-07 -7.739230e-14 -3.145980e-15  0.000000e+00  0.000000e+00  4.427610e-08  0.000000e+00  0.000000e+00
  2.285900e-07  1.508550e-07 -7.545920e-14 -2.925090e-15  0.000000e+00  0.000000e+00  4.329130e-08  0.000000e+00  0.000000e+00
  2.231300e-07  1.415020e-07 -7.346840e-14 -2.714060e-15  0.000000e+00  0.000000e+00  4.226160e-08  0.000000e+00  0.000000e+00
  2.174510e-07  1.323790e-07 -7.141670e-14 -2.512250e-15  0.000000e+00  0.000000e+00  4.118610e-08  0.000000e+00  0.000000e+00
  2.115600e-07  1.234940e-07 -6.930640e-14 -2.319500e-15  0.000000e+00  0.000000e+00  4.006630e-08  0.000000e+00  0.000000e+00
  2.054620e-07  1.148540e-07 -6.713970e-14 -2.135660e-15  0.000000e+00  0.000000e+00  3.890400e-08  0.000000e+00  0.000000e+00
  1.991640e-07  1.064670e-07 -6.491890e-14 -1.960450e-15  0.000000e+00  0.000000e+00  3.770080e-08  0.000000e+00  0.000000e+00
  1.926720e-07  9.833940e-08 -6.264620e-14 -1.793860e-15  0.000000e+00  0.000000e+00  3.645810e-08  0.000000e+00  0.000000e+00
  1.859930e-07  9.048000e-08 -6.032390e-14 -1.635740e-15  0.000000e+00  0.000000e+00  3.517770e-08  0.000000e+00  0.000000e+00
  1.791320e-07  8.289550e-08 -5.795420e-14 -1.485820e-15  0.000000e+00  0.000000e+00  3.386110e-08  0.000000e+00  0.000000e+00
  1.720950e-07  7.559350e-08 -5.553950e-14 -1.343970e-15  0.000000e+00  0.000000e+00  3.251010e-08  0.000000e+00  0.000000e+00
  1.648680e-07  6.861460e-08 -5.308540e-14 -1.210020e-15  0.000000e+00  0.000000e+00  3.112780e-08  0.000000e+00  0.000000e+00
  1.574530e-07  6.197000e-08 -5.059430e-14 -1.083910e-15  0.000000e+00  0.000000e+00  2.971590e-08  0.000000e+00  0.000000e+00
  1.498790e-07  5.563360e-08 -4.806550e-14 -9.653770e-16  0.000000e+00  0.000000e+00  2.827480e-08  0.000000e+00  0.000000e+00
  1.421550e-07  4.961050e-08 -4.550120e-14 -8.543860e-16  0.000000e+00  0.000000e+00  2.680590e-08  0.000000e+00  0.000000e+00
  1.342880e-07  4.390600e-08 -4.290340e-14 -7.508110e-16  0.000000e+00  0.000000e+00  2.531090e-08  0.000000e+00  0.000000e+00
  1.262860e-07  3.852530e-08 -4.027440e-14 -6.544530e-16  0.000000e+00  0.000000e+00  2.379120e-08  0.000000e+00  0.000000e+00
  1.181570e-07  3.347370e-08 -3.761640e-14 -5.652660e-16  0.000000e+00  0.000000e+00  2.224870e-08  0.000000e+00  0.000000e+00
  1.099080e-07  2.875630e-08 -3.493140e-14 -4.830650e-16  0.000000e+00  0.000000e+00  2.068480e-08  0.000000e+00  0.000000e+00
  1.015480e-07  2.437800e-08 -3.222180e-14 -4.077370e-16  0.000000e+00  0.000000e+00  1.910120e-08  0.000000e+00  0.000000e+00
  9.308490e-08  2.034410e-08 -2.948960e-14 -3.392230e-16  0.000000e+00  0.000000e+00  1.749950e-08  0.000000e+00  0.000000e+00
  8.451890e-08  1.667720e-08 -2.673880e-14 -2.770120e-16  0.000000e+00  0.000000e+00  1.588210e-08  0.000000e+00  0.000000e+00
  7.585870e-08  1.338120e-08 -2.397160e-14 -2.210140e-16  0.000000e+00  0.000000e+00  1.425050e-08  0.000000e+00  0.000000e+00
  6.712060e-08  1.044120e-08 -2.118820e-14 -1.714660e-16  0.000000e+00  0.000000e+00  1.260560e-08  0.000000e+00  0.000000e+00
  5.831320e-08  7.859820e-09 -1.839050e-14 -1.283760e-16  0.000000e+00  0.000000e+00  1.094880e-08  0.000000e+00  0.000000e+00
  4.944580e-08  5.639700e-09 -1.558070e-14 -9.160870e-17  0.000000e+00  0.000000e+00  9.281830e-09  0.000000e+00  0.000000e+00
  4.052700e-08  3.783430e-09 -1.276080e-14 -6.113160e-17  0.000000e+00  0.000000e+00  7.606160e-09  0.000000e+00  0.000000e+00
  3.156610e-08  2.293600e-09 -9.932800e-15 -3.686010e-17  0.000000e+00  0.000000e+00  5.923390e-09  0.000000e+00  0.000000e+00
  2.257200e-08  1.172650e-09 -7.098690e-15 -1.875190e-17  0.000000e+00  0.000000e+00  4.235040e-09  0.000000e+00  0.000000e+00
  1.355350e-08  4.230210e-10 -4.260480e-15 -6.724860e-18  0.000000e+00  0.000000e+00  2.542660e-09  0.000000e+00  0.000000e+00
  4.519830e-09  4.709880e-11 -1.420270e-15 -7.465360e-19  0.000000e+00  0.000000e+00  8.478500e-10  0.000000e+00  0.000000e+00
