 -0.216538E-07 -0.144358E-07  0.000000E+00  0.000000E+00 -0.525779E-11  0.525779E-11  0.000000E+00  0.000000E+00  0.000000E+00
 -0.216538E-07 -0.144358E-07  0.000000E+00  0.000000E+00 -0.373046E-11  0.373046E-11  0.000000E+00  0.000000E+00  0.000000E+00
 -0.216538E-07 -0.144358E-07  0.000000E+00  0.000000E+00 -0.289357E-11  0.289357E-11  0.000000E+00  0.000000E+00  0.000000E+00
 -0.216538E-07 -0.144358E-07  0.000000E+00  0.000000E+00 -0.236422E-11  0.236422E-11  0.000000E+00  0.000000E+00  0.000000E+00
 -0.216538E-07 -0.144358E-07  0.000000E+00  0.000000E+00 -0.199892E-11  0.199892E-11  0.000000E+00  0.000000E+00  0.000000E+00
 -0.216538E-07 -0.144358E-07  0.000000E+00  0.000000E+00 -0.173154E-11  0.173154E-11  0.000000E+00  0.000000E+00  0.000000E+00
 -0.216538E-07 -0.144358E-07  0.000000E+00  0.000000E+00 -0.152733E-11  0.152733E-11  0.000000E+00  0.000000E+00  0.000000E+00
 -0.216538E-07 -0.144358E-07  0.000000E+00  0.000000E+00 -0.136624E-11  0.136624E-11  0.000000E+00  0.000000E+00  0.000000E+00
 -0.216538E-07 -0.144358E-07  0.000000E+00  0.000000E+00 -0.123592E-11  0.123592E-11  0.000000E+00  0.000000E+00  0.000000E+00
 -0.216538E-07 -0.144358E-07  0.000000E+00  0.000000E+00 -0.112830E-11  0.112830E-11  0.000000E+00  0.000000E+00  0.000000E+00
 -0.216538E-07 -0.144358E-07  0.000000E+00  0.000000E+00 -0.103794E-11  0.103794E-11  0.000000E+00  0.000000E+00  0.000000E+00
 -0.216537E-07 -0.144358E-07  0.000000E+00  0.000000E+00 -0.960979E-12  0.960979E-12  0.000000E+00  0.000000E+00  0.000000E+00
 -0.216537E-07 -0.144358E-07  0.000000E+00  0.000000E+00 -0.894650E-12  0.894650E-12  0.000000E+00  0.000000E+00  0.000000E+00
 -0.216537E-07 -0.144358E-07  0.000000E+00  0.000000E+00 -0.836889E-12  0.836889E-12  0.000000E+00  0.000000E+00  0.000000E+00
 -0.216537E-07 -0.144358E-07  0.000000E+00  0.000000E+00 -0.786135E-12  0.786135E-12  0.000000E+00  0.000000E+00  0.000000E+00
 -0.216537E-07 -0.144358E-07  0.000000E+00  0.000000E+00 -0.741189E-12  0.741189E-12  0.000000E+00  0.000000E+00  0.000000E+00
 -0.216537E-07 -0.144358E-07  0.000000E+00  0.000000E+00 -0.701104E-12  0.701104E-12  0.000000E+00  0.000000E+00  0.000000E+00
 -0.216537E-07 -0.144358E-07  0.000000E+00  0.000000E+00 -0.665134E-12  0.665134E-12  0.000000E+00  0.000000E+00  0.000000E+00
 -0.216537E-07 -0.144358E-07  0.000000E+00  0.000000E+00 -0.632675E-12  0.632675E-12  0.000000E+00  0.000000E+00  0.000000E+00
 -0.216537E-07 -0.144358E-07  0.000000E+00  0.000000E+00 -0.603238E-12  0.603238E-12  0.000000E+00  0.000000E+00  0.000000E+00
 -0.216537E-07 -0.144358E-07  0.000000E+00  0.000000E+00 -0.576418E-12  0.576418E-12  0.000000E+00  0.000000E+00  0.000000E+00
 -0.216537E-07 -0.144358E-07  0.000000E+00  0.000000E+00 -0.551882E-12  0.551882E-12  0.000000E+00  0.000000E+00  0.000000E+00
 -0.216537E-07 -0.144358E-07  0.000000E+00  0.000000E+00 -0.529350E-12  0.529350E-12  0.000000E+00  0.000000E+00  0.000000E+00
 -0.216537E-07 -0.144358E-07  0.000000E+00  0.000000E+00 -0.508585E-12  0.508585E-12  0.000000E+00  0.000000E+00  0.000000E+00
 -0.216537E-07 -0.144358E-07  0.000000E+00  0.000000E+00 -0.489390E-12  0.489390E-12  0.000000E+00  0.000000E+00  0.000000E+00
 -0.216537E-07 -0.144358E-07  0.000000E+00  0.000000E+00 -0.471589E-12  0.471589E-12  0.000000E+00  0.000000E+00  0.000000E+00
 -0.216537E-07 -0.144358E-07  0.000000E+00  0.000000E+00 -0.455038E-12  0.455038E-12  0.000000E+00  0.000000E+00  0.000000E+00
 -0.216537E-07 -0.144358E-07  0.000000E+00  0.000000E+00 -0.439610E-12  0.439610E-12  0.000000E+00  0.000000E+00  0.000000E+00
 -0.216537E-07 -0.144358E-07  0.000000E+00  0.000000E+00 -0.425194E-12  0.425194E-12  0.000000E+00  0.000000E+00  0.000000E+00
 -0.216537E-07 -0.144358E-07  0.000000E+00  0.000000E+00 -0.411693E-12  0.411693E-12  0.000000E+00  0.000000E+00  0.000000E+00
 -0.216537E-07 -0.144358E-07  0.000000E+00  0.000000E+00 -0.399024E-12  0.399024E-12  0.000000E+00  0.000000E+00  0.000000E+00
 -0.216536E-07 -0.144358E-07  0.000000E+00  0.000000E+00 -0.387111E-12  0.387111E-12  0.000000E+00  0.000000E+00  0.000000E+00
 -0.216536E-07 -0.144358E-07  0.000000E+00  0.000000E+00 -0.375886E-12  0.375886E-12  0.000000E+00  0.000000E+00  0.000000E+00
 -0.216536E-07 -0.144358E-07  0.000000E+00  0.000000E+00 -0.365297E-12  0.365297E-12  0.000000E+00  0.000000E+00  0.000000E+00
 -0.216536E-07 -0.144357E-07  0.000000E+00  0.000000E+00 -0.355288E-12  0.355288E-12  0.000000E+00  0.000000E+00  0.000000E+00
 -0.216536E-07 -0.144357E-07  0.000000E+00  0.000000E+00 -0.345812E-12  0.345812E-12  0.000000E+00  0.000000E+00  0.000000E+00
 -0.216536E-07 -0.144357E-07  0.000000E+00  0.000000E+00 -0.336829E-12  0.336829E-12  0.000000E+00  0.000000E+00  0.000000E+00
 -0.216536E-07 -0.144357E-07  0.000000E+00  0.000000E+00 -0.328300E-12  0.328300E-12  0.000000E+00  0.000000E+00  0.000000E+00
 -0.216536E-07 -0.144357E-07  0.000000E+00  0.000000E+00 -0.320193E-12  0.320193E-12  0.000000E+00  0.000000E+00  0.000000E+00
 -0.216536E-07 -0.144357E-07  0.000000E+00  0.000000E+00 -0.312477E-12  0.312477E-12  0.000000E+00  0.000000E+00  0.000000E+00
 -0.216536E-07 -0.144357E-07  0.000000E+00  0.000000E+00 -0.305124E-12  0.305124E-12  0.000000E+00  0.000000E+00  0.000000E+00
 -0.216536E-07 -0.144357E-07  0.000000E+00  0.000000E+00 -0.298109E-12  0.298109E-12  0.000000E+00  0.000000E+00  0.000000E+00
 -0.216535E-07 -0.144357E-07  0.000000E+00  0.000000E+00 -0.291409E-12  0.291409E-12  0.000000E+00  0.000000E+00  0.000000E+00
 -0.216535E-07 -0.144357E-07  0.000000E+00  0.000000E+00 -0.285005E-12  0.285005E-12  0.000000E+00  0.000000E+00  0.000000E+00
 -0.216535E-07 -0.144357E-07  0.000000E+00  0.000000E+00 -0.278874E-12  0.278874E-12  0.000000E+00  0.000000E+00  0.000000E+00
 -0.216535E-07 -0.144357E-07  0.000000E+00  0.000000E+00 -0.273003E-12  0.273003E-12  0.000000E+00  0.000000E+00  0.000000E+00
 -0.216535E-07 -0.144357E-07  0.000000E+00  0.000000E+00 -0.267374E-12  0.267374E-12  0.000000E+00  0.000000E+00  0.000000E+00
 -0.216535E-07 -0.144357E-07  0.000000E+00  0.000000E+00 -0.261971E-12  0.261971E-12  0.000000E+00  0.000000E+00  0.000000E+00
 -0.216535E-07 -0.144357E-07  0.000000E+00  0.000000E+00 -0.256785E-12  0.256785E-12  0.000000E+00  0.000000E+00  0.000000E+00
 -0.216535E-07 -0.144357E-07  0.000000E+00  0.000000E+00 -0.251798E-12  0.251798E-12  0.000000E+00  0.000000E+00  0.000000E+00
 -0.216535E-07 -0.144356E-07  0.000000E+00  0.000000E+00 -0.247001E-12  0.247001E-12  0.000000E+00  0.000000E+00  0.000000E+00
 -0.216535E-07 -0.144356E-07  0.000000E+00  0.000000E+00 -0.242384E-12  0.242384E-12  0.000000E+00  0.000000E+00  0.000000E+00
 -0.216534E-07 -0.144356E-07  0.000000E+00  0.000000E+00 -0.237936E-12  0.237936E-12  0.000000E+00  0.000000E+00  0.000000E+00
 -0.216534E-07 -0.144356E-07  0.000000E+00  0.000000E+00 -0.233649E-12  0.233649E-12  0.000000E+00  0.000000E+00  0.000000E+00
 -0.216534E-07 -0.144356E-07  0.000000E+00  0.000000E+00 -0.229513E-12  0.229513E-12  0.000000E+00  0.000000E+00  0.000000E+00
 -0.216534E-07 -0.144356E-07  0.000000E+00  0.000000E+00 -0.225520E-12  0.225520E-12  0.000000E+00  0.000000E+00  0.000000E+00
 -0.216534E-07 -0.144356E-07  0.000000E+00  0.000000E+00 -0.221663E-12  0.221663E-12  0.000000E+00  0.000000E+00  0.000000E+00
 -0.216534E-07 -0.144356E-07  0.000000E+00  0.000000E+00 -0.217938E-12  0.217938E-12  0.000000E+00  0.000000E+00  0.000000E+00
 -0.216534E-07 -0.144356E-07  0.000000E+00  0.000000E+00 -0.214335E-12  0.214335E-12  0.000000E+00  0.000000E+00  0.000000E+00
 -0.216534E-07 -0.144356E-07  0.000000E+00  0.000000E+00 -0.210850E-12  0.210850E-12  0.000000E+00  0.000000E+00  0.000000E+00
 -0.216533E-07 -0.144356E-07  0.000000E+00  0.000000E+00 -0.207476E-12  0.207476E-12  0.000000E+00  0.000000E+00  0.000000E+00
 -0.216533E-07 -0.144356E-07  0.000000E+00  0.000000E+00 -0.204209E-12  0.204209E-12  0.000000E+00  0.000000E+00  0.000000E+00
 -0.216533E-07 -0.144355E-07  0.000000E+00  0.000000E+00 -0.201042E-12  0.201042E-12  0.000000E+00  0.000000E+00  0.000000E+00
 -0.216533E-07 -0.144355E-07  0.000000E+00  0.000000E+00 -0.197973E-12  0.197973E-12  0.000000E+00  0.000000E+00  0.000000E+00
 -0.216533E-07 -0.144355E-07  0.000000E+00  0.000000E+00 -0.194997E-12  0.194997E-12  0.000000E+00  0.000000E+00  0.000000E+00
 -0.216533E-07 -0.144355E-07  0.000000E+00  0.000000E+00 -0.192108E-12  0.192108E-12  0.000000E+00  0.000000E+00  0.000000E+00
 -0.216533E-07 -0.144355E-07  0.000000E+00  0.000000E+00 -0.189302E-12  0.189302E-12  0.000000E+00  0.000000E+00  0.000000E+00
 -0.216532E-07 -0.144355E-07  0.000000E+00  0.000000E+00 -0.186579E-12  0.186579E-12  0.000000E+00  0.000000E+00  0.000000E+00
 -0.216532E-07 -0.144355E-07  0.000000E+00  0.000000E+00 -0.183932E-12  0.183932E-12  0.000000E+00  0.000000E+00  0.000000E+00
 -0.216532E-07 -0.144355E-07  0.000000E+00  0.000000E+00 -0.181359E-12  0.181359E-12  0.000000E+00  0.000000E+00  0.000000E+00
 -0.216532E-07 -0.144355E-07  0.000000E+00  0.000000E+00 -0.178858E-12  0.178858E-12  0.000000E+00  0.000000E+00  0.000000E+00
 -0.216532E-07 -0.144355E-07  0.000000E+00  0.000000E+00 -0.176424E-12  0.176424E-12  0.000000E+00  0.000000E+00  0.000000E+00
 -0.216532E-07 -0.144354E-07  0.000000E+00  0.000000E+00 -0.174055E-12  0.174055E-12  0.000000E+00  0.000000E+00  0.000000E+00
 -0.216531E-07 -0.144354E-07  0.000000E+00  0.000000E+00 -0.171751E-12  0.171751E-12  0.000000E+00  0.000000E+00  0.000000E+00
 -0.216531E-07 -0.144354E-07  0.000000E+00  0.000000E+00 -0.169505E-12  0.169505E-12  0.000000E+00  0.000000E+00  0.000000E+00
 -0.216531E-07 -0.144354E-07  0.000000E+00  0.000000E+00 -0.167318E-12  0.167318E-12  0.000000E+00  0.000000E+00  0.000000E+00
 -0.216531E-07 -0.144354E-07  0.000000E+00  0.000000E+00 -0.165185E-12  0.165185E-12  0.000000E+00  0.000000E+00  0.000000E+00
 -0.216531E-07 -0.144354E-07  0.000000E+00  0.000000E+00 -0.163107E-12  0.163107E-12  0.000000E+00  0.000000E+00  0.000000E+00
 -0.216531E-07 -0.144354E-07  0.000000E+00  0.000000E+00 -0.161081E-12  0.161081E-12  0.000000E+00  0.000000E+00  0.000000E+00
 -0.216530E-07 -0.144354E-07  0.000000E+00  0.000000E+00 -0.159104E-12  0.159104E-12  0.000000E+00  0.000000E+00  0.000000E+00
 -0.216530E-07 -0.144353E-07  0.000000E+00  0.000000E+00 -0.157175E-12  0.157175E-12  0.000000E+00  0.000000E+00  0.000000E+00
 -0.216530E-07 -0.144353E-07  0.000000E+00  0.000000E+00 -0.155294E-12  0.155294E-12  0.000000E+00  0.000000E+00  0.000000E+00
 -0.216530E-07 -0.144353E-07  0.000000E+00  0.000000E+00 -0.153456E-12  0.153456E-12  0.000000E+00  0.000000E+00  0.000000E+00
 -0.216530E-07 -0.144353E-07  0.000000E+00  0.000000E+00 -0.151661E-12  0.151661E-12  0.000000E+00  0.000000E+00  0.000000E+00
 -0.216529E-07 -0.144353E-07  0.000000E+00  0.000000E+00 -0.149907E-12  0.149907E-12  0.000000E+00  0.000000E+00  0.000000E+00
 -0.216529E-07 -0.144353E-07  0.000000E+00  0.000000E+00 -0.148194E-12  0.148194E-12  0.000000E+00  0.000000E+00  0.000000E+00
 -0.216529E-07 -0.144353E-07  0.000000E+00  0.000000E+00 -0.146519E-12  0.146519E-12  0.000000E+00  0.000000E+00  0.000000E+00
 -0.216529E-07 -0.144353E-07  0.000000E+00  0.000000E+00 -0.144881E-12  0.144881E-12  0.000000E+00  0.000000E+00  0.000000E+00
 -0.216529E-07 -0.144352E-07  0.000000E+00  0.000000E+00 -0.143279E-12  0.143279E-12  0.000000E+00  0.000000E+00  0.000000E+00
 -0.216529E-07 -0.144352E-07  0.000000E+00  0.000000E+00 -0.141714E-12  0.141714E-12  0.000000E+00  0.000000E+00  0.000000E+00
 -0.216528E-07 -0.144352E-07  0.000000E+00  0.000000E+00 -0.140181E-12  0.140181E-12  0.000000E+00  0.000000E+00  0.000000E+00
 -0.216528E-07 -0.144352E-07  0.000000E+00  0.000000E+00 -0.138683E-12  0.138683E-12  0.000000E+00  0.000000E+00  0.000000E+00
 -0.216528E-07 -0.144352E-07  0.000000E+00  0.000000E+00 -0.137214E-12  0.137214E-12  0.000000E+00  0.000000E+00  0.000000E+00
 -0.216528E-07 -0.144352E-07  0.000000E+00  0.000000E+00 -0.135778E-12  0.135778E-12  0.000000E+00  0.000000E+00  0.000000E+00
 -0.216527E-07 -0.144352E-07  0.000000E+00  0.000000E+00 -0.134371E-12  0.134371E-12  0.000000E+00  0.000000E+00  0.000000E+00
 -0.216527E-07 -0.144351E-07  0.000000E+00  0.000000E+00 -0.132992E-12  0.132992E-12  0.000000E+00  0.000000E+00  0.000000E+00
 -0.216527E-07 -0.144351E-07  0.000000E+00  0.000000E+00 -0.131642E-12  0.131642E-12  0.000000E+00  0.000000E+00  0.000000E+00
 -0.216527E-07 -0.144351E-07  0.000000E+00  0.000000E+00 -0.130319E-12  0.130319E-12  0.000000E+00  0.000000E+00  0.000000E+00
 -0.216526E-06 -0.144350E-06  0.000000E+00  0.000000E+00 -0.123585E-11  0.123585E-11  0.000000E+00  0.000000E+00  0.000000E+00
 -0.216523E-06 -0.144349E-06  0.000000E+00  0.000000E+00 -0.112823E-11  0.112823E-11  0.000000E+00  0.000000E+00  0.000000E+00
 -0.216521E-06 -0.144347E-06  0.000000E+00  0.000000E+00 -0.103786E-11  0.103786E-11  0.000000E+00  0.000000E+00  0.000000E+00
 -0.216518E-06 -0.144345E-06  0.000000E+00  0.000000E+00 -0.960892E-12  0.960892E-12  0.000000E+00  0.000000E+00  0.000000E+00
 -0.216515E-06 -0.144343E-06  0.000000E+00  0.000000E+00 -0.894557E-12  0.894557E-12  0.000000E+00  0.000000E+00  0.000000E+00
 -0.216511E-06 -0.144341E-06  0.000000E+00  0.000000E+00 -0.836788E-12  0.836788E-12  0.000000E+00  0.000000E+00  0.000000E+00
 -0.216508E-06 -0.144339E-06  0.000000E+00  0.000000E+00 -0.786029E-12  0.786029E-12  0.000000E+00  0.000000E+00  0.000000E+00
 -0.216504E-06 -0.144336E-06  0.000000E+00  0.000000E+00 -0.741075E-12  0.741075E-12  0.000000E+00  0.000000E+00  0.000000E+00
 -0.216500E-06 -0.144333E-06  0.000000E+00  0.000000E+00 -0.700985E-12  0.700985E-12  0.000000E+00  0.000000E+00  0.000000E+00
 -0.216496E-06 -0.144331E-06  0.000000E+00  0.000000E+00 -0.665007E-12  0.665007E-12  0.000000E+00  0.000000E+00  0.000000E+00
 -0.216492E-06 -0.144328E-06  0.000000E+00  0.000000E+00 -0.632542E-12  0.632542E-12  0.000000E+00  0.000000E+00  0.000000E+00
 -0.216487E-06 -0.144325E-06  0.000000E+00  0.000000E+00 -0.603098E-12  0.603098E-12  0.000000E+00  0.000000E+00  0.000000E+00
 -0.216482E-06 -0.144321E-06  0.000000E+00  0.000000E+00 -0.576271E-12  0.576271E-12  0.000000E+00  0.000000E+00  0.000000E+00
 -0.216477E-06 -0.144318E-06  0.000000E+00  0.000000E+00 -0.551729E-12  0.551729E-12  0.000000E+00  0.000000E+00  0.000000E+00
 -0.216472E-06 -0.144314E-06  0.000000E+00  0.000000E+00 -0.529191E-12  0.529191E-12  0.000000E+00  0.000000E+00  0.000000E+00
 -0.216466E-06 -0.144311E-06  0.000000E+00  0.000000E+00 -0.508419E-12  0.508419E-12  0.000000E+00  0.000000E+00  0.000000E+00
 -0.216460E-06 -0.144307E-06  0.000000E+00  0.000000E+00 -0.489217E-12  0.489217E-12  0.000000E+00  0.000000E+00  0.000000E+00
 -0.216455E-06 -0.144303E-06  0.000000E+00  0.000000E+00 -0.471410E-12  0.471410E-12  0.000000E+00  0.000000E+00  0.000000E+00
 -0.216448E-06 -0.144299E-06  0.000000E+00  0.000000E+00 -0.454853E-12  0.454853E-12  0.000000E+00  0.000000E+00  0.000000E+00
 -0.216442E-06 -0.144295E-06  0.000000E+00  0.000000E+00 -0.439418E-12  0.439418E-12  0.000000E+00  0.000000E+00  0.000000E+00
 -0.216435E-06 -0.144290E-06  0.000000E+00  0.000000E+00 -0.424994E-12  0.424994E-12  0.000000E+00  0.000000E+00  0.000000E+00
 -0.216429E-06 -0.144286E-06  0.000000E+00  0.000000E+00 -0.411489E-12  0.411489E-12  0.000000E+00  0.000000E+00  0.000000E+00
 -0.216422E-06 -0.144281E-06  0.000000E+00  0.000000E+00 -0.398812E-12  0.398812E-12  0.000000E+00  0.000000E+00  0.000000E+00
 -0.216414E-06 -0.144276E-06  0.000000E+00  0.000000E+00 -0.386892E-12  0.386892E-12  0.000000E+00  0.000000E+00  0.000000E+00
 -0.216407E-06 -0.144271E-06  0.000000E+00  0.000000E+00 -0.375663E-12  0.375663E-12  0.000000E+00  0.000000E+00  0.000000E+00
 -0.216399E-06 -0.144266E-06  0.000000E+00  0.000000E+00 -0.365067E-12  0.365067E-12  0.000000E+00  0.000000E+00  0.000000E+00
 -0.216391E-06 -0.144261E-06  0.000000E+00  0.000000E+00 -0.355052E-12  0.355052E-12  0.000000E+00  0.000000E+00  0.000000E+00
 -0.216383E-06 -0.144255E-06  0.000000E+00  0.000000E+00 -0.345568E-12  0.345568E-12  0.000000E+00  0.000000E+00  0.000000E+00
 -0.216375E-06 -0.144250E-06  0.000000E+00  0.000000E+00 -0.336579E-12  0.336579E-12  0.000000E+00  0.000000E+00  0.000000E+00
 -0.216366E-06 -0.144244E-06  0.000000E+00  0.000000E+00 -0.328042E-12  0.328042E-12  0.000000E+00  0.000000E+00  0.000000E+00
 -0.216357E-06 -0.144238E-06  0.000000E+00  0.000000E+00 -0.319930E-12  0.319930E-12  0.000000E+00  0.000000E+00  0.000000E+00
 -0.216348E-06 -0.144232E-06  0.000000E+00  0.000000E+00 -0.312206E-12  0.312206E-12  0.000000E+00  0.000000E+00  0.000000E+00
 -0.216339E-06 -0.144226E-06  0.000000E+00  0.000000E+00 -0.304849E-12  0.304849E-12  0.000000E+00  0.000000E+00  0.000000E+00
 -0.216330E-06 -0.144220E-06  0.000000E+00  0.000000E+00 -0.297827E-12  0.297827E-12  0.000000E+00  0.000000E+00  0.000000E+00
 -0.216320E-06 -0.144213E-06  0.000000E+00  0.000000E+00 -0.291120E-12  0.291120E-12  0.000000E+00  0.000000E+00  0.000000E+00
 -0.216310E-06 -0.144207E-06  0.000000E+00  0.000000E+00 -0.284708E-12  0.284708E-12  0.000000E+00  0.000000E+00  0.000000E+00
 -0.216300E-06 -0.144200E-06  0.000000E+00  0.000000E+00 -0.278573E-12  0.278573E-12  0.000000E+00  0.000000E+00  0.000000E+00
 -0.216290E-06 -0.144193E-06  0.000000E+00  0.000000E+00 -0.272692E-12  0.272692E-12  0.000000E+00  0.000000E+00  0.000000E+00
 -0.216279E-06 -0.144186E-06  0.000000E+00  0.000000E+00 -0.267057E-12  0.267057E-12  0.000000E+00  0.000000E+00  0.000000E+00
 -0.216268E-06 -0.144179E-06  0.000000E+00  0.000000E+00 -0.261650E-12  0.261650E-12  0.000000E+00  0.000000E+00  0.000000E+00
 -0.216257E-06 -0.144172E-06  0.000000E+00  0.000000E+00 -0.256454E-12  0.256454E-12  0.000000E+00  0.000000E+00  0.000000E+00
 -0.216246E-06 -0.144164E-06  0.000000E+00  0.000000E+00 -0.251462E-12  0.251462E-12  0.000000E+00  0.000000E+00  0.000000E+00
 -0.216235E-06 -0.144157E-06  0.000000E+00  0.000000E+00 -0.246657E-12  0.246657E-12  0.000000E+00  0.000000E+00  0.000000E+00
 -0.216223E-06 -0.144149E-06  0.000000E+00  0.000000E+00 -0.242034E-12  0.242034E-12  0.000000E+00  0.000000E+00  0.000000E+00
 -0.216211E-06 -0.144141E-06  0.000000E+00  0.000000E+00 -0.237581E-12  0.237581E-12  0.000000E+00  0.000000E+00  0.000000E+00
 -0.216199E-06 -0.144133E-06  0.000000E+00  0.000000E+00 -0.233286E-12  0.233286E-12  0.000000E+00  0.000000E+00  0.000000E+00
 -0.216187E-06 -0.144125E-06  0.000000E+00  0.000000E+00 -0.229145E-12  0.229145E-12  0.000000E+00  0.000000E+00  0.000000E+00
 -0.216174E-06 -0.144116E-06  0.000000E+00  0.000000E+00 -0.225147E-12  0.225147E-12  0.000000E+00  0.000000E+00  0.000000E+00
 -0.216162E-06 -0.144108E-06  0.000000E+00  0.000000E+00 -0.221283E-12  0.221283E-12  0.000000E+00  0.000000E+00  0.000000E+00
 -0.216149E-06 -0.144099E-06  0.000000E+00  0.000000E+00 -0.217552E-12  0.217552E-12  0.000000E+00  0.000000E+00  0.000000E+00
 -0.216136E-06 -0.144090E-06  0.000000E+00  0.000000E+00 -0.213942E-12  0.213942E-12  0.000000E+00  0.000000E+00  0.000000E+00
 -0.216122E-06 -0.144081E-06  0.000000E+00  0.000000E+00 -0.210450E-12  0.210450E-12  0.000000E+00  0.000000E+00  0.000000E+00
 -0.216109E-06 -0.144072E-06  0.000000E+00  0.000000E+00 -0.207070E-12  0.207070E-12  0.000000E+00  0.000000E+00  0.000000E+00
 -0.216095E-06 -0.144063E-06  0.000000E+00  0.000000E+00 -0.203796E-12  0.203796E-12  0.000000E+00  0.000000E+00  0.000000E+00
 -0.216081E-06 -0.144054E-06  0.000000E+00  0.000000E+00 -0.200624E-12  0.200624E-12  0.000000E+00  0.000000E+00  0.000000E+00
 -0.216066E-06 -0.144044E-06  0.000000E+00  0.000000E+00 -0.197547E-12  0.197547E-12  0.000000E+00  0.000000E+00  0.000000E+00
 -0.216052E-06 -0.144035E-06  0.000000E+00  0.000000E+00 -0.194564E-12  0.194564E-12  0.000000E+00  0.000000E+00  0.000000E+00
 -0.216037E-06 -0.144025E-06  0.000000E+00  0.000000E+00 -0.191667E-12  0.191667E-12  0.000000E+00  0.000000E+00  0.000000E+00
 -0.216022E-06 -0.144015E-06  0.000000E+00  0.000000E+00 -0.188857E-12  0.188857E-12  0.000000E+00  0.000000E+00  0.000000E+00
 -0.216007E-06 -0.144005E-06  0.000000E+00  0.000000E+00 -0.186126E-12  0.186126E-12  0.000000E+00  0.000000E+00  0.000000E+00
 -0.215992E-06 -0.143994E-06  0.000000E+00  0.000000E+00 -0.183473E-12  0.183473E-12  0.000000E+00  0.000000E+00  0.000000E+00
 -0.215976E-06 -0.143984E-06  0.000000E+00  0.000000E+00 -0.180893E-12  0.180893E-12  0.000000E+00  0.000000E+00  0.000000E+00
 -0.215960E-06 -0.143974E-06  0.000000E+00  0.000000E+00 -0.178384E-12  0.178384E-12  0.000000E+00  0.000000E+00  0.000000E+00
 -0.215944E-06 -0.143963E-06  0.000000E+00  0.000000E+00 -0.175945E-12  0.175945E-12  0.000000E+00  0.000000E+00  0.000000E+00
 -0.215928E-06 -0.143952E-06  0.000000E+00  0.000000E+00 -0.173571E-12  0.173571E-12  0.000000E+00  0.000000E+00  0.000000E+00
 -0.215912E-06 -0.143941E-06  0.000000E+00  0.000000E+00 -0.171256E-12  0.171256E-12  0.000000E+00  0.000000E+00  0.000000E+00
 -0.215895E-06 -0.143930E-06  0.000000E+00  0.000000E+00 -0.169006E-12  0.169006E-12  0.000000E+00  0.000000E+00  0.000000E+00
 -0.215878E-06 -0.143919E-06  0.000000E+00  0.000000E+00 -0.166813E-12  0.166813E-12  0.000000E+00  0.000000E+00  0.000000E+00
 -0.215861E-06 -0.143907E-06  0.000000E+00  0.000000E+00 -0.164675E-12  0.164675E-12  0.000000E+00  0.000000E+00  0.000000E+00
 -0.215844E-06 -0.143896E-06  0.000000E+00  0.000000E+00 -0.162591E-12  0.162591E-12  0.000000E+00  0.000000E+00  0.000000E+00
 -0.215826E-06 -0.143884E-06  0.000000E+00  0.000000E+00 -0.160557E-12  0.160557E-12  0.000000E+00  0.000000E+00  0.000000E+00
 -0.215808E-06 -0.143872E-06  0.000000E+00  0.000000E+00 -0.158573E-12  0.158573E-12  0.000000E+00  0.000000E+00  0.000000E+00
 -0.215790E-06 -0.143860E-06  0.000000E+00  0.000000E+00 -0.156640E-12  0.156640E-12  0.000000E+00  0.000000E+00  0.000000E+00
 -0.215772E-06 -0.143848E-06  0.000000E+00  0.000000E+00 -0.154749E-12  0.154749E-12  0.000000E+00  0.000000E+00  0.000000E+00
 -0.215754E-06 -0.143836E-06  0.000000E+00  0.000000E+00 -0.152905E-12  0.152905E-12  0.000000E+00  0.000000E+00  0.000000E+00
 -0.215735E-06 -0.143823E-06  0.000000E+00  0.000000E+00 -0.151105E-12  0.151105E-12  0.000000E+00  0.000000E+00  0.000000E+00
 -0.215716E-06 -0.143811E-06  0.000000E+00  0.000000E+00 -0.149344E-12  0.149344E-12  0.000000E+00  0.000000E+00  0.000000E+00
 -0.215697E-06 -0.143798E-06  0.000000E+00  0.000000E+00 -0.147624E-12  0.147624E-12  0.000000E+00  0.000000E+00  0.000000E+00
 -0.215678E-06 -0.143785E-06  0.000000E+00  0.000000E+00 -0.145944E-12  0.145944E-12  0.000000E+00  0.000000E+00  0.000000E+00
 -0.215658E-06 -0.143772E-06  0.000000E+00  0.000000E+00 -0.144299E-12  0.144299E-12  0.000000E+00  0.000000E+00  0.000000E+00
 -0.215638E-06 -0.143759E-06  0.000000E+00  0.000000E+00 -0.142692E-12  0.142692E-12  0.000000E+00  0.000000E+00  0.000000E+00
 -0.215618E-06 -0.143746E-06  0.000000E+00  0.000000E+00 -0.141120E-12  0.141120E-12  0.000000E+00  0.000000E+00  0.000000E+00
 -0.215598E-06 -0.143732E-06  0.000000E+00  0.000000E+00 -0.139581E-12  0.139581E-12  0.000000E+00  0.000000E+00  0.000000E+00
 -0.215578E-06 -0.143719E-06  0.000000E+00  0.000000E+00 -0.138075E-12  0.138075E-12  0.000000E+00  0.000000E+00  0.000000E+00
 -0.215557E-06 -0.143705E-06  0.000000E+00  0.000000E+00 -0.136602E-12  0.136602E-12  0.000000E+00  0.000000E+00  0.000000E+00
 -0.215536E-06 -0.143691E-06  0.000000E+00  0.000000E+00 -0.135156E-12  0.135156E-12  0.000000E+00  0.000000E+00  0.000000E+00
 -0.215515E-06 -0.143677E-06  0.000000E+00  0.000000E+00 -0.133744E-12  0.133744E-12  0.000000E+00  0.000000E+00  0.000000E+00
 -0.215494E-06 -0.143663E-06  0.000000E+00  0.000000E+00 -0.132359E-12  0.132359E-12  0.000000E+00  0.000000E+00  0.000000E+00
 -0.215473E-06 -0.143648E-06  0.000000E+00  0.000000E+00 -0.131001E-12  0.131001E-12  0.000000E+00  0.000000E+00  0.000000E+00
 -0.215451E-06 -0.143634E-06  0.000000E+00  0.000000E+00 -0.129671E-12  0.129671E-12  0.000000E+00  0.000000E+00  0.000000E+00
 -0.107692E-05 -0.717948E-06  0.000000E+00  0.000000E+00 -0.629308E-12  0.629308E-12  0.000000E+00  0.000000E+00  0.000000E+00
 -0.107635E-05 -0.717564E-06  0.000000E+00  0.000000E+00 -0.599706E-12  0.599706E-12  0.000000E+00  0.000000E+00  0.000000E+00
 -0.107574E-05 -0.717163E-06  0.000000E+00  0.000000E+00 -0.572722E-12  0.572722E-12  0.000000E+00  0.000000E+00  0.000000E+00
 -0.107511E-05 -0.716743E-06  0.000000E+00  0.000000E+00 -0.548022E-12  0.548022E-12  0.000000E+00  0.000000E+00  0.000000E+00
 -0.107446E-05 -0.716305E-06  0.000000E+00  0.000000E+00 -0.525328E-12  0.525328E-12  0.000000E+00  0.000000E+00  0.000000E+00
 -0.107377E-05 -0.715849E-06  0.000000E+00  0.000000E+00 -0.504401E-12  0.504401E-12  0.000000E+00  0.000000E+00  0.000000E+00
 -0.107306E-05 -0.715375E-06  0.000000E+00  0.000000E+00 -0.485039E-12  0.485039E-12  0.000000E+00  0.000000E+00  0.000000E+00
 -0.107232E-05 -0.714883E-06  0.000000E+00  0.000000E+00 -0.467077E-12  0.467077E-12  0.000000E+00  0.000000E+00  0.000000E+00
 -0.107156E-05 -0.714374E-06  0.000000E+00  0.000000E+00 -0.450363E-12  0.450363E-12  0.000000E+00  0.000000E+00  0.000000E+00
 -0.107077E-05 -0.713846E-06  0.000000E+00  0.000000E+00 -0.434773E-12  0.434773E-12  0.000000E+00  0.000000E+00  0.000000E+00
  0.000000E+00  0.000000E+00  0.000000E+00  0.000000E+00  0.000000E+00  0.000000E+00  0.000000E+00  0.000000E+00  0.000000E+00
  0.000000E+00  0.000000E+00  0.000000E+00  0.000000E+00  0.000000E+00  0.000000E+00  0.000000E+00  0.000000E+00  0.000000E+00
  0.000000E+00  0.000000E+00  0.000000E+00  0.000000E+00  0.000000E+00  0.000000E+00  0.000000E+00  0.000000E+00  0.000000E+00
  0.000000E+00  0.000000E+00  0.000000E+00  0.000000E+00  0.000000E+00  0.000000E+00  0.000000E+00  0.000000E+00  0.000000E+00
  0.000000E+00  0.000000E+00  0.000000E+00  0.000000E+00  0.000000E+00  0.000000E+00  0.000000E+00  0.000000E+00  0.000000E+00
  0.000000E+00  0.000000E+00  0.000000E+00  0.000000E+00  0.000000E+00  0.000000E+00  0.000000E+00  0.000000E+00  0.000000E+00
  0.000000E+00  0.000000E+00  0.000000E+00  0.000000E+00  0.000000E+00  0.000000E+00  0.000000E+00  0.000000E+00  0.000000E+00
  0.000000E+00  0.000000E+00  0.000000E+00  0.000000E+00  0.000000E+00  0.000000E+00  0.000000E+00  0.000000E+00  0.000000E+00
  0.000000E+00  0.000000E+00  0.000000E+00  0.000000E+00  0.000000E+00  0.000000E+00  0.000000E+00  0.000000E+00  0.000000E+00
  0.000000E+00  0.000000E+00  0.000000E+00  0.000000E+00  0.000000E+00  0.000000E+00  0.000000E+00  0.000000E+00  0.000000E+00
  0.000000E+00  0.000000E+00  0.000000E+00  0.000000E+00  0.000000E+00  0.000000E+00  0.000000E+00  0.000000E+00  0.000000E+00
  0.000000E+00  0.000000E+00  0.000000E+00  0.000000E+00  0.000000E+00  0.000000E+00  0.000000E+00  0.000000E+00  0.000000E+00
  0.000000E+00  0.000000E+00  0.000000E+00  0.000000E+00  0.000000E+00  0.000000E+00  0.000000E+00  0.000000E+00  0.000000E+00
  0.000000E+00  0.000000E+00  0.000000E+00  0.000000E+00  0.000000E+00  0.000000E+00  0.000000E+00  0.000000E+00  0.000000E+00
  0.000000E+00  0.000000E+00  0.000000E+00  0.000000E+00  0.000000E+00  0.000000E+00  0.000000E+00  0.000000E+00  0.000000E+00
  0.000000E+00  0.000000E+00  0.000000E+00  0.000000E+00  0.000000E+00  0.000000E+00  0.000000E+00  0.000000E+00  0.000000E+00
  0.000000E+00  0.000000E+00  0.000000E+00  0.000000E+00  0.000000E+00  0.000000E+00  0.000000E+00  0.000000E+00  0.000000E+00
  0.000000E+00  0.000000E+00  0.000000E+00  0.000000E+00  0.000000E+00  0.000000E+00  0.000000E+00  0.000000E+00  0.000000E+00
  0.000000E+00  0.000000E+00  0.000000E+00  0.000000E+00  0.000000E+00  0.000000E+00  0.000000E+00  0.000000E+00  0.000000E+00
  0.000000E+00  0.000000E+00  0.000000E+00  0.000000E+00  0.000000E+00  0.000000E+00  0.000000E+00  0.000000E+00  0.000000E+00
  0.000000E+00  0.000000E+00  0.000000E+00  0.000000E+00  0.000000E+00  0.000000E+00  0.000000E+00  0.000000E+00  0.000000E+00
  0.000000E+00  0.000000E+00  0.000000E+00  0.000000E+00  0.000000E+00  0.000000E+00  0.000000E+00  0.000000E+00  0.000000E+00
  0.000000E+00  0.000000E+00  0.000000E+00  0.000000E+00  0.000000E+00  0.000000E+00  0.000000E+00  0.000000E+00  0.000000E+00
  0.000000E+00  0.000000E+00  0.000000E+00  0.000000E+00  0.000000E+00  0.000000E+00  0.000000E+00  0.000000E+00  0.000000E+00
  0.000000E+00  0.000000E+00  0.000000E+00  0.000000E+00  0.000000E+00  0.000000E+00  0.000000E+00  0.000000E+00  0.000000E+00
  0.000000E+00  0.000000E+00  0.000000E+00  0.000000E+00  0.000000E+00  0.000000E+00  0.000000E+00  0.000000E+00  0.000000E+00
  0.000000E+00  0.000000E+00  0.000000E+00  0.000000E+00  0.000000E+00  0.000000E+00  0.000000E+00  0.000000E+00  0.000000E+00
  0.000000E+00  0.000000E+00  0.000000E+00  0.000000E+00  0.000000E+00  0.000000E+00  0.000000E+00  0.000000E+00  0.000000E+00
  0.000000E+00  0.000000E+00  0.000000E+00  0.000000E+00  0.000000E+00  0.000000E+00  0.000000E+00  0.000000E+00  0.000000E+00
  0.000000E+00  0.000000E+00  0.000000E+00  0.000000E+00  0.000000E+00  0.000000E+00  0.000000E+00  0.000000E+00  0.000000E+00
  0.000000E+00  0.000000E+00  0.000000E+00  0.000000E+00  0.000000E+00  0.000000E+00  0.000000E+00  0.000000E+00  0.000000E+00
  0.000000E+00  0.000000E+00  0.000000E+00  0.000000E+00  0.000000E+00  0.000000E+00  0.000000E+00  0.000000E+00  0.000000E+00
  0.000000E+00  0.000000E+00  0.000000E+00  0.000000E+00  0.000000E+00  0.000000E+00  0.000000E+00  0.000000E+00  0.000000E+00
  0.000000E+00  0.000000E+00  0.000000E+00  0.000000E+00  0.000000E+00  0.000000E+00  0.000000E+00  0.000000E+00  0.000000E+00
  0.000000E+00  0.000000E+00  0.000000E+00  0.000000E+00  0.000000E+00  0.000000E+00  0.000000E+00  0.000000E+00  0.000000E+00
  0.000000E+00  0.000000E+00  0.000000E+00  0.000000E+00  0.000000E+00  0.000000E+00  0.000000E+00  0.000000E+00  0.000000E+00
  0.000000E+00  0.000000E+00  0.000000E+00  0.000000E+00  0.000000E+00  0.000000E+00  0.000000E+00  0.000000E+00  0.000000E+00
  0.000000E+00  0.000000E+00  0.000000E+00  0.000000E+00  0.000000E+00  0.000000E+00  0.000000E+00  0.000000E+00  0.000000E+00
  0.000000E+00  0.000000E+00  0.000000E+00  0.000000E+00  0.000000E+00  0.000000E+00  0.000000E+00  0.000000E+00  0.000000E+00
  0.000000E+00  0.000000E+00  0.000000E+00  0.000000E+00  0.000000E+00  0.000000E+00  0.000000E+00  0.000000E+00  0.000000E+00
  0.000000E+00  0.000000E+00  0.000000E+00  0.000000E+00  0.000000E+00  0.000000E+00  0.000000E+00  0.000000E+00  0.000000E+00
  0.000000E+00  0.000000E+00  0.000000E+00  0.000000E+00  0.000000E+00  0.000000E+00  0.000000E+00  0.000000E+00  0.000000E+00
  0.000000E+00  0.000000E+00  0.000000E+00  0.000000E+00  0.000000E+00  0.000000E+00  0.000000E+00  0.000000E+00  0.000000E+00
  0.000000E+00  0.000000E+00  0.000000E+00  0.000000E+00  0.000000E+00  0.000000E+00  0.000000E+00  0.000000E+00  0.000000E+00
  0.000000E+00  0.000000E+00  0.000000E+00  0.000000E+00  0.000000E+00  0.000000E+00  0.000000E+00  0.000000E+00  0.000000E+00
  0.000000E+00  0.000000E+00  0.000000E+00  0.000000E+00  0.000000E+00  0.000000E+00  0.000000E+00  0.000000E+00  0.000000E+00
  0.000000E+00  0.000000E+00  0.000000E+00  0.000000E+00  0.000000E+00  0.000000E+00  0.000000E+00  0.000000E+00  0.000000E+00
  0.000000E+00  0.000000E+00  0.000000E+00  0.000000E+00  0.000000E+00  0.000000E+00  0.000000E+00  0.000000E+00  0.000000E+00
  0.000000E+00  0.000000E+00  0.000000E+00  0.000000E+00  0.000000E+00  0.000000E+00  0.000000E+00  0.000000E+00  0.000000E+00
  0.000000E+00  0.000000E+00  0.000000E+00  0.000000E+00  0.000000E+00  0.000000E+00  0.000000E+00  0.000000E+00  0.000000E+00
  0.000000E+00  0.000000E+00  0.000000E+00  0.000000E+00  0.000000E+00  0.000000E+00  0.000000E+00  0.000000E+00  0.000000E+00
  0.000000E+00  0.000000E+00  0.000000E+00  0.000000E+00  0.000000E+00  0.000000E+00  0.000000E+00  0.000000E+00  0.000000E+00
  0.000000E+00  0.000000E+00  0.000000E+00  0.000000E+00  0.000000E+00  0.000000E+00  0.000000E+00  0.000000E+00  0.000000E+00
  0.000000E+00  0.000000E+00  0.000000E+00  0.000000E+00  0.000000E+00  0.000000E+00  0.000000E+00  0.000000E+00  0.000000E+00
  0.000000E+00  0.000000E+00  0.000000E+00  0.000000E+00  0.000000E+00  0.000000E+00  0.000000E+00  0.000000E+00  0.000000E+00
  0.000000E+00  0.000000E+00  0.000000E+00  0.000000E+00  0.000000E+00  0.000000E+00  0.000000E+00  0.000000E+00  0.000000E+00
  0.000000E+00  0.000000E+00  0.000000E+00  0.000000E+00  0.000000E+00  0.000000E+00  0.000000E+00  0.000000E+00  0.000000E+00
  0.000000E+00  0.000000E+00  0.000000E+00  0.000000E+00  0.000000E+00  0.000000E+00  0.000000E+00  0.000000E+00  0.000000E+00
  0.000000E+00  0.000000E+00  0.000000E+00  0.000000E+00  0.000000E+00  0.000000E+00  0.000000E+00  0.000000E+00  0.000000E+00
  0.000000E+00  0.000000E+00  0.000000E+00  0.000000E+00  0.000000E+00  0.000000E+00  0.000000E+00  0.000000E+00  0.000000E+00
  0.000000E+00  0.000000E+00  0.000000E+00  0.000000E+00  0.000000E+00  0.000000E+00  0.000000E+00  0.000000E+00  0.000000E+00
  0.000000E+00  0.000000E+00  0.000000E+00  0.000000E+00  0.000000E+00  0.000000E+00  0.000000E+00  0.000000E+00  0.000000E+00
  0.000000E+00  0.000000E+00  0.000000E+00  0.000000E+00  0.000000E+00  0.000000E+00  0.000000E+00  0.000000E+00  0.000000E+00
  0.000000E+00  0.000000E+00  0.000000E+00  0.000000E+00  0.000000E+00  0.000000E+00  0.000000E+00  0.000000E+00  0.000000E+00
  0.000000E+00  0.000000E+00  0.000000E+00  0.000000E+00  0.000000E+00  0.000000E+00  0.000000E+00  0.000000E+00  0.000000E+00
  0.000000E+00  0.000000E+00  0.000000E+00  0.000000E+00  0.000000E+00  0.000000E+00  0.000000E+00  0.000000E+00  0.000000E+00
  0.000000E+00  0.000000E+00  0.000000E+00  0.000000E+00  0.000000E+00  0.000000E+00  0.000000E+00  0.000000E+00  0.000000E+00
  0.000000E+00  0.000000E+00  0.000000E+00  0.000000E+00  0.000000E+00  0.000000E+00  0.000000E+00  0.000000E+00  0.000000E+00
  0.000000E+00  0.000000E+00  0.000000E+00  0.000000E+00  0.000000E+00  0.000000E+00  0.000000E+00  0.000000E+00  0.000000E+00
  0.000000E+00  0.000000E+00  0.000000E+00  0.000000E+00  0.000000E+00  0.000000E+00  0.000000E+00  0.000000E+00  0.000000E+00
  0.000000E+00  0.000000E+00  0.000000E+00  0.000000E+00  0.000000E+00  0.000000E+00  0.000000E+00  0.000000E+00  0.000000E+00
  0.000000E+00  0.000000E+00  0.000000E+00  0.000000E+00  0.000000E+00  0.000000E+00  0.000000E+00  0.000000E+00  0.000000E+00
  0.000000E+00  0.000000E+00  0.000000E+00  0.000000E+00  0.000000E+00  0.000000E+00  0.000000E+00  0.000000E+00  0.000000E+00
  0.000000E+00  0.000000E+00  0.000000E+00  0.000000E+00  0.000000E+00  0.000000E+00  0.000000E+00  0.000000E+00  0.000000E+00
  0.000000E+00  0.000000E+00  0.000000E+00  0.000000E+00  0.000000E+00  0.000000E+00  0.000000E+00  0.000000E+00  0.000000E+00
  0.000000E+00  0.000000E+00  0.000000E+00  0.000000E+00  0.000000E+00  0.000000E+00  0.000000E+00  0.000000E+00  0.000000E+00
  0.000000E+00  0.000000E+00  0.000000E+00  0.000000E+00  0.000000E+00  0.000000E+00  0.000000E+00  0.000000E+00  0.000000E+00
  0.000000E+00  0.000000E+00  0.000000E+00  0.000000E+00  0.000000E+00  0.000000E+00  0.000000E+00  0.000000E+00  0.000000E+00
  0.000000E+00  0.000000E+00  0.000000E+00  0.000000E+00  0.000000E+00  0.000000E+00  0.000000E+00  0.000000E+00  0.000000E+00
  0.000000E+00  0.000000E+00  0.000000E+00  0.000000E+00  0.000000E+00  0.000000E+00  0.000000E+00  0.000000E+00  0.000000E+00
  0.000000E+00  0.000000E+00  0.000000E+00  0.000000E+00  0.000000E+00  0.000000E+00  0.000000E+00  0.000000E+00  0.000000E+00
  0.000000E+00  0.000000E+00  0.000000E+00  0.000000E+00  0.000000E+00  0.000000E+00  0.000000E+00  0.000000E+00  0.000000E+00
  0.000000E+00  0.000000E+00  0.000000E+00  0.000000E+00  0.000000E+00  0.000000E+00  0.000000E+00  0.000000E+00  0.000000E+00
  0.000000E+00  0.000000E+00  0.000000E+00  0.000000E+00  0.000000E+00  0.000000E+00  0.000000E+00  0.000000E+00  0.000000E+00
  0.000000E+00  0.000000E+00  0.000000E+00  0.000000E+00  0.000000E+00  0.000000E+00  0.000000E+00  0.000000E+00  0.000000E+00
  0.000000E+00  0.000000E+00  0.000000E+00  0.000000E+00  0.000000E+00  0.000000E+00  0.000000E+00  0.000000E+00  0.000000E+00
  0.000000E+00  0.000000E+00  0.000000E+00  0.000000E+00  0.000000E+00  0.000000E+00  0.000000E+00  0.000000E+00  0.000000E+00
  0.000000E+00  0.000000E+00  0.000000E+00  0.000000E+00  0.000000E+00  0.000000E+00  0.000000E+00  0.000000E+00  0.000000E+00
  0.000000E+00  0.000000E+00  0.000000E+00  0.000000E+00  0.000000E+00  0.000000E+00  0.000000E+00  0.000000E+00  0.000000E+00
  0.000000E+00  0.000000E+00  0.000000E+00  0.000000E+00  0.000000E+00  0.000000E+00  0.000000E+00  0.000000E+00  0.000000E+00
  0.000000E+00  0.000000E+00  0.000000E+00  0.000000E+00  0.000000E+00  0.000000E+00  0.000000E+00  0.000000E+00  0.000000E+00
  0.000000E+00  0.000000E+00  0.000000E+00  0.000000E+00  0.000000E+00  0.000000E+00  0.000000E+00  0.000000E+00  0.000000E+00
  0.000000E+00  0.000000E+00  0.000000E+00  0.000000E+00  0.000000E+00  0.000000E+00  0.000000E+00  0.000000E+00  0.000000E+00
  0.000000E+00  0.000000E+00  0.000000E+00  0.000000E+00  0.000000E+00  0.000000E+00  0.000000E+00  0.000000E+00  0.000000E+00
  0.000000E+00  0.000000E+00  0.000000E+00  0.000000E+00  0.000000E+00  0.000000E+00  0.000000E+00  0.000000E+00  0.000000E+00
  0.000000E+00  0.000000E+00  0.000000E+00  0.000000E+00  0.000000E+00  0.000000E+00  0.000000E+00  0.000000E+00  0.000000E+00
  0.000000E+00  0.000000E+00  0.000000E+00  0.000000E+00  0.000000E+00  0.000000E+00  0.000000E+00  0.000000E+00  0.000000E+00
  0.000000E+00  0.000000E+00  0.000000E+00  0.000000E+00  0.000000E+00  0.000000E+00  0.000000E+00  0.000000E+00  0.000000E+00
  0.000000E+00  0.000000E+00  0.000000E+00  0.000000E+00  0.000000E+00  0.000000E+00  0.000000E+00  0.000000E+00  0.000000E+00
  0.000000E+00  0.000000E+00  0.000000E+00  0.000000E+00  0.000000E+00  0.000000E+00  0.000000E+00  0.000000E+00  0.000000E+00
  0.000000E+00  0.000000E+00  0.000000E+00  0.000000E+00  0.000000E+00  0.000000E+00  0.000000E+00  0.000000E+00  0.000000E+00
  0.000000E+00  0.000000E+00  0.000000E+00  0.000000E+00  0.000000E+00  0.000000E+00  0.000000E+00  0.000000E+00  0.000000E+00
  0.000000E+00  0.000000E+00  0.000000E+00  0.000000E+00  0.000000E+00  0.000000E+00  0.000000E+00  0.000000E+00  0.000000E+00
  0.000000E+00  0.000000E+00  0.000000E+00  0.000000E+00  0.000000E+00  0.000000E+00  0.000000E+00  0.000000E+00  0.000000E+00
  0.000000E+00  0.000000E+00  0.000000E+00  0.000000E+00  0.000000E+00  0.000000E+00  0.000000E+00  0.000000E+00  0.000000E+00
  0.000000E+00  0.000000E+00  0.000000E+00  0.000000E+00  0.000000E+00  0.000000E+00  0.000000E+00  0.000000E+00  0.000000E+00
  0.000000E+00  0.000000E+00  0.000000E+00  0.000000E+00  0.000000E+00  0.000000E+00  0.000000E+00  0.000000E+00  0.000000E+00
  0.000000E+00  0.000000E+00  0.000000E+00  0.000000E+00  0.000000E+00  0.000000E+00  0.000000E+00  0.000000E+00  0.000000E+00
  0.000000E+00  0.000000E+00  0.000000E+00  0.000000E+00  0.000000E+00  0.000000E+00  0.000000E+00  0.000000E+00  0.000000E+00
  0.000000E+00  0.000000E+00  0.000000E+00  0.000000E+00  0.000000E+00  0.000000E+00  0.000000E+00  0.000000E+00  0.000000E+00
  0.000000E+00  0.000000E+00  0.000000E+00  0.000000E+00  0.000000E+00  0.000000E+00  0.000000E+00  0.000000E+00  0.000000E+00
  0.000000E+00  0.000000E+00  0.000000E+00  0.000000E+00  0.000000E+00  0.000000E+00  0.000000E+00  0.000000E+00  0.000000E+00
  0.000000E+00  0.000000E+00  0.000000E+00  0.000000E+00  0.000000E+00  0.000000E+00  0.000000E+00  0.000000E+00  0.000000E+00
  0.000000E+00  0.000000E+00  0.000000E+00  0.000000E+00  0.000000E+00  0.000000E+00  0.000000E+00  0.000000E+00  0.000000E+00
  0.000000E+00  0.000000E+00  0.000000E+00  0.000000E+00  0.000000E+00  0.000000E+00  0.000000E+00  0.000000E+00  0.000000E+00
  0.000000E+00  0.000000E+00  0.000000E+00  0.000000E+00  0.000000E+00  0.000000E+00  0.000000E+00  0.000000E+00  0.000000E+00
  0.000000E+00  0.000000E+00  0.000000E+00  0.000000E+00  0.000000E+00  0.000000E+00  0.000000E+00  0.000000E+00  0.000000E+00
  0.000000E+00  0.000000E+00  0.000000E+00  0.000000E+00  0.000000E+00  0.000000E+00  0.000000E+00  0.000000E+00  0.000000E+00
  0.000000E+00  0.000000E+00  0.000000E+00  0.000000E+00  0.000000E+00  0.000000E+00  0.000000E+00  0.000000E+00  0.000000E+00
  0.000000E+00  0.000000E+00  0.000000E+00  0.000000E+00  0.000000E+00  0.000000E+00  0.000000E+00  0.000000E+00  0.000000E+00
  0.000000E+00  0.000000E+00  0.000000E+00  0.000000E+00  0.000000E+00  0.000000E+00  0.000000E+00  0.000000E+00  0.000000E+00
  0.000000E+00  0.000000E+00  0.000000E+00  0.000000E+00  0.000000E+00  0.000000E+00  0.000000E+00  0.000000E+00  0.000000E+00
  0.000000E+00  0.000000E+00  0.000000E+00  0.000000E+00  0.000000E+00  0.000000E+00  0.000000E+00  0.000000E+00  0.000000E+00
  0.000000E+00  0.000000E+00  0.000000E+00  0.000000E+00  0.000000E+00  0.000000E+00  0.000000E+00  0.000000E+00  0.000000E+00
  0.000000E+00  0.000000E+00  0.000000E+00  0.000000E+00  0.000000E+00  0.000000E+00  0.000000E+00  0.000000E+00  0.000000E+00
  0.000000E+00  0.000000E+00  0.000000E+00  0.000000E+00  0.000000E+00  0.000000E+00  0.000000E+00  0.000000E+00  0.000000E+00
  0.000000E+00  0.000000E+00  0.000000E+00  0.000000E+00  0.000000E+00  0.000000E+00  0.000000E+00  0.000000E+00  0.000000E+00
  0.000000E+00  0.000000E+00  0.000000E+00  0.000000E+00  0.000000E+00  0.000000E+00  0.000000E+00  0.000000E+00  0.000000E+00
  0.000000E+00  0.000000E+00  0.000000E+00  0.000000E+00  0.000000E+00  0.000000E+00  0.000000E+00  0.000000E+00  0.000000E+00
  0.000000E+00  0.000000E+00  0.000000E+00  0.000000E+00  0.000000E+00  0.000000E+00  0.000000E+00  0.000000E+00  0.000000E+00
  0.000000E+00  0.000000E+00  0.000000E+00  0.000000E+00  0.000000E+00  0.000000E+00  0.000000E+00  0.000000E+00  0.000000E+00
  0.000000E+00  0.000000E+00  0.000000E+00  0.000000E+00  0.000000E+00  0.000000E+00  0.000000E+00  0.000000E+00  0.000000E+00
  0.000000E+00  0.000000E+00  0.000000E+00  0.000000E+00  0.000000E+00  0.000000E+00  0.000000E+00  0.000000E+00  0.000000E+00
  0.000000E+00  0.000000E+00  0.000000E+00  0.000000E+00  0.000000E+00  0.000000E+00  0.000000E+00  0.000000E+00  0.000000E+00
  0.000000E+00  0.000000E+00  0.000000E+00  0.000000E+00  0.000000E+00  0.000000E+00  0.000000E+00  0.000000E+00  0.000000E+00
  0.000000E+00  0.000000E+00  0.000000E+00  0.000000E+00  0.000000E+00  0.000000E+00  0.000000E+00  0.000000E+00  0.000000E+00
  0.000000E+00  0.000000E+00  0.000000E+00  0.000000E+00  0.000000E+00  0.000000E+00  0.000000E+00  0.000000E+00  0.000000E+00
  0.000000E+00  0.000000E+00  0.000000E+00  0.000000E+00  0.000000E+00  0.000000E+00  0.000000E+00  0.000000E+00  0.000000E+00
  0.000000E+00  0.000000E+00  0.000000E+00  0.000000E+00  0.000000E+00  0.000000E+00  0.000000E+00  0.000000E+00  0.000000E+00
  0.000000E+00  0.000000E+00  0.000000E+00  0.000000E+00  0.000000E+00  0.000000E+00  0.000000E+00  0.000000E+00  0.000000E+00
  0.000000E+00  0.000000E+00  0.000000E+00  0.000000E+00  0.000000E+00  0.000000E+00  0.000000E+00  0.000000E+00  0.000000E+00
  0.000000E+00  0.000000E+00  0.000000E+00  0.000000E+00  0.000000E+00  0.000000E+00  0.000000E+00  0.000000E+00  0.000000E+00
  0.000000E+00  0.000000E+00  0.000000E+00  0.000000E+00  0.000000E+00  0.000000E+00  0.000000E+00  0.000000E+00  0.000000E+00
  0.000000E+00  0.000000E+00  0.000000E+00  0.000000E+00  0.000000E+00  0.000000E+00  0.000000E+00  0.000000E+00  0.000000E+00
  0.000000E+00  0.000000E+00  0.000000E+00  0.000000E+00  0.000000E+00  0.000000E+00  0.000000E+00  0.000000E+00  0.000000E+00
  0.000000E+00  0.000000E+00  0.000000E+00  0.000000E+00  0.000000E+00  0.000000E+00  0.000000E+00  0.000000E+00  0.000000E+00
  0.000000E+00  0.000000E+00  0.000000E+00  0.000000E+00  0.000000E+00  0.000000E+00  0.000000E+00  0.000000E+00  0.000000E+00
  0.000000E+00  0.000000E+00  0.000000E+00  0.000000E+00  0.000000E+00  0.000000E+00  0.000000E+00  0.000000E+00  0.000000E+00
  0.000000E+00  0.000000E+00  0.000000E+00  0.000000E+00  0.000000E+00  0.000000E+00  0.000000E+00  0.000000E+00  0.000000E+00
  0.000000E+00  0.000000E+00  0.000000E+00  0.000000E+00  0.000000E+00  0.000000E+00  0.000000E+00  0.000000E+00  0.000000E+00
  0.000000E+00  0.000000E+00  0.000000E+00  0.000000E+00  0.000000E+00  0.000000E+00  0.000000E+00  0.000000E+00  0.000000E+00
  0.000000E+00  0.000000E+00  0.000000E+00  0.000000E+00  0.000000E+00  0.000000E+00  0.000000E+00  0.000000E+00  0.000000E+00
  0.000000E+00  0.000000E+00  0.000000E+00  0.000000E+00  0.000000E+00  0.000000E+00  0.000000E+00  0.000000E+00  0.000000E+00
  0.000000E+00  0.000000E+00  0.000000E+00  0.000000E+00  0.000000E+00  0.000000E+00  0.000000E+00  0.000000E+00  0.000000E+00
  0.000000E+00  0.000000E+00  0.000000E+00  0.000000E+00  0.000000E+00  0.000000E+00  0.000000E+00  0.000000E+00  0.000000E+00
  0.000000E+00  0.000000E+00  0.000000E+00  0.000000E+00  0.000000E+00  0.000000E+00  0.000000E+00  0.000000E+00  0.000000E+00
  0.000000E+00  0.000000E+00  0.000000E+00  0.000000E+00  0.000000E+00  0.000000E+00  0.000000E+00  0.000000E+00  0.000000E+00
  0.000000E+00  0.000000E+00  0.000000E+00  0.000000E+00  0.000000E+00  0.000000E+00  0.000000E+00  0.000000E+00  0.000000E+00
  0.000000E+00  0.000000E+00  0.000000E+00  0.000000E+00  0.000000E+00  0.000000E+00  0.000000E+00  0.000000E+00  0.000000E+00
  0.000000E+00  0.000000E+00  0.000000E+00  0.000000E+00  0.000000E+00  0.000000E+00  0.000000E+00  0.000000E+00  0.000000E+00
  0.000000E+00  0.000000E+00  0.000000E+00  0.000000E+00  0.000000E+00  0.000000E+00  0.000000E+00  0.000000E+00  0.000000E+00
  0.000000E+00  0.000000E+00  0.000000E+00  0.000000E+00  0.000000E+00  0.000000E+00  0.000000E+00  0.000000E+00  0.000000E+00
  0.000000E+00  0.000000E+00  0.000000E+00  0.000000E+00  0.000000E+00  0.000000E+00  0.000000E+00  0.000000E+00  0.000000E+00
  0.000000E+00  0.000000E+00  0.000000E+00  0.000000E+00  0.000000E+00  0.000000E+00  0.000000E+00  0.000000E+00  0.000000E+00
  0.000000E+00  0.000000E+00  0.000000E+00  0.000000E+00  0.000000E+00  0.000000E+00  0.000000E+00  0.000000E+00  0.000000E+00
  0.000000E+00  0.000000E+00  0.000000E+00  0.000000E+00  0.000000E+00  0.000000E+00  0.000000E+00  0.000000E+00  0.000000E+00
  0.000000E+00  0.000000E+00  0.000000E+00  0.000000E+00  0.000000E+00  0.000000E+00  0.000000E+00  0.000000E+00  0.000000E+00
  0.000000E+00  0.000000E+00  0.000000E+00  0.000000E+00  0.000000E+00  0.000000E+00  0.000000E+00  0.000000E+00  0.000000E+00
  0.000000E+00  0.000000E+00  0.000000E+00  0.000000E+00  0.000000E+00  0.000000E+00  0.000000E+00  0.000000E+00  0.000000E+00
  0.000000E+00  0.000000E+00  0.000000E+00  0.000000E+00  0.000000E+00  0.000000E+00  0.000000E+00  0.000000E+00  0.000000E+00
  0.000000E+00  0.000000E+00  0.000000E+00  0.000000E+00  0.000000E+00  0.000000E+00  0.000000E+00  0.000000E+00  0.000000E+00
  0.000000E+00  0.000000E+00  0.000000E+00  0.000000E+00  0.000000E+00  0.000000E+00  0.000000E+00  0.000000E+00  0.000000E+00
  0.000000E+00  0.000000E+00  0.000000E+00  0.000000E+00  0.000000E+00  0.000000E+00  0.000000E+00  0.000000E+00  0.000000E+00
  0.000000E+00  0.000000E+00  0.000000E+00  0.000000E+00  0.000000E+00  0.000000E+00  0.000000E+00  0.000000E+00  0.000000E+00
  0.000000E+00  0.000000E+00  0.000000E+00  0.000000E+00  0.000000E+00  0.000000E+00  0.000000E+00  0.000000E+00  0.000000E+00
  0.000000E+00  0.000000E+00  0.000000E+00  0.000000E+00  0.000000E+00  0.000000E+00  0.000000E+00  0.000000E+00  0.000000E+00
  0.000000E+00  0.000000E+00  0.000000E+00  0.000000E+00  0.000000E+00  0.000000E+00  0.000000E+00  0.000000E+00  0.000000E+00
  0.000000E+00  0.000000E+00  0.000000E+00  0.000000E+00  0.000000E+00  0.000000E+00  0.000000E+00  0.000000E+00  0.000000E+00
  0.000000E+00  0.000000E+00  0.000000E+00  0.000000E+00  0.000000E+00  0.000000E+00  0.000000E+00  0.000000E+00  0.000000E+00
  0.000000E+00  0.000000E+00  0.000000E+00  0.000000E+00  0.000000E+00  0.000000E+00  0.000000E+00  0.000000E+00  0.000000E+00
  0.000000E+00  0.000000E+00  0.000000E+00  0.000000E+00  0.000000E+00  0.000000E+00  0.000000E+00  0.000000E+00  0.000000E+00
  0.000000E+00  0.000000E+00  0.000000E+00  0.000000E+00  0.000000E+00  0.000000E+00  0.000000E+00  0.000000E+00  0.000000E+00
  0.000000E+00  0.000000E+00  0.000000E+00  0.000000E+00  0.000000E+00  0.000000E+00  0.000000E+00  0.000000E+00  0.000000E+00
  0.000000E+00  0.000000E+00  0.000000E+00  0.000000E+00  0.000000E+00  0.000000E+00  0.000000E+00  0.000000E+00  0.000000E+00
  0.000000E+00  0.000000E+00  0.000000E+00  0.000000E+00  0.000000E+00  0.000000E+00  0.000000E+00  0.000000E+00  0.000000E+00
  0.000000E+00  0.000000E+00  0.000000E+00  0.000000E+00  0.000000E+00  0.000000E+00  0.000000E+00  0.000000E+00  0.000000E+00
  0.000000E+00  0.000000E+00  0.000000E+00  0.000000E+00  0.000000E+00  0.000000E+00  0.000000E+00  0.000000E+00  0.000000E+00
  0.000000E+00  0.000000E+00  0.000000E+00  0.000000E+00  0.000000E+00  0.000000E+00  0.000000E+00  0.000000E+00  0.000000E+00
  0.000000E+00  0.000000E+00  0.000000E+00  0.000000E+00  0.000000E+00  0.000000E+00  0.000000E+00  0.000000E+00  0.000000E+00
  0.000000E+00  0.000000E+00  0.000000E+00  0.000000E+00  0.000000E+00  0.000000E+00  0.000000E+00  0.000000E+00  0.000000E+00
  0.000000E+00  0.000000E+00  0.000000E+00  0.000000E+00  0.000000E+00  0.000000E+00  0.000000E+00  0.000000E+00  0.000000E+00
  0.000000E+00  0.000000E+00  0.000000E+00  0.000000E+00  0.000000E+00  0.000000E+00  0.000000E+00  0.000000E+00  0.000000E+00
  0.000000E+00  0.000000E+00  0.000000E+00  0.000000E+00  0.000000E+00  0.000000E+00  0.000000E+00  0.000000E+00  0.000000E+00
  0.000000E+00  0.000000E+00  0.000000E+00  0.000000E+00  0.000000E+00  0.000000E+00  0.000000E+00  0.000000E+00  0.000000E+00
  0.000000E+00  0.000000E+00  0.000000E+00  0.000000E+00  0.000000E+00  0.000000E+00  0.000000E+00  0.000000E+00  0.000000E+00
  0.000000E+00  0.000000E+00  0.000000E+00  0.000000E+00  0.000000E+00  0.000000E+00  0.000000E+00  0.000000E+00  0.000000E+00
  0.000000E+00  0.000000E+00  0.000000E+00  0.000000E+00  0.000000E+00  0.000000E+00  0.000000E+00  0.000000E+00  0.000000E+00
  0.000000E+00  0.000000E+00  0.000000E+00  0.000000E+00  0.000000E+00  0.000000E+00  0.000000E+00  0.000000E+00  0.000000E+00
  0.000000E+00  0.000000E+00  0.000000E+00  0.000000E+00  0.000000E+00  0.000000E+00  0.000000E+00  0.000000E+00  0.000000E+00
  0.000000E+00  0.000000E+00  0.000000E+00  0.000000E+00  0.000000E+00  0.000000E+00  0.000000E+00  0.000000E+00  0.000000E+00
  0.000000E+00  0.000000E+00  0.000000E+00  0.000000E+00  0.000000E+00  0.000000E+00  0.000000E+00  0.000000E+00  0.000000E+00
  0.000000E+00  0.000000E+00  0.000000E+00  0.000000E+00  0.000000E+00  0.000000E+00  0.000000E+00  0.000000E+00  0.000000E+00
  0.000000E+00  0.000000E+00  0.000000E+00  0.000000E+00  0.000000E+00  0.000000E+00  0.000000E+00  0.000000E+00  0.000000E+00
  0.000000E+00  0.000000E+00  0.000000E+00  0.000000E+00  0.000000E+00  0.000000E+00  0.000000E+00  0.000000E+00  0.000000E+00
  0.000000E+00  0.000000E+00  0.000000E+00  0.000000E+00  0.000000E+00  0.000000E+00  0.000000E+00  0.000000E+00  0.000000E+00
  0.000000E+00  0.000000E+00  0.000000E+00  0.000000E+00  0.000000E+00  0.000000E+00  0.000000E+00  0.000000E+00  0.000000E+00
  0.000000E+00  0.000000E+00  0.000000E+00  0.000000E+00  0.000000E+00  0.000000E+00  0.000000E+00  0.000000E+00  0.000000E+00
  0.000000E+00  0.000000E+00  0.000000E+00  0.000000E+00  0.000000E+00  0.000000E+00  0.000000E+00  0.000000E+00  0.000000E+00
  0.000000E+00  0.000000E+00  0.000000E+00  0.000000E+00  0.000000E+00  0.000000E+00  0.000000E+00  0.000000E+00  0.000000E+00
  0.000000E+00  0.000000E+00  0.000000E+00  0.000000E+00  0.000000E+00  0.000000E+00  0.000000E+00  0.000000E+00  0.000000E+00
  0.000000E+00  0.000000E+00  0.000000E+00  0.000000E+00  0.000000E+00  0.000000E+00  0.000000E+00  0.000000E+00  0.000000E+00
  0.000000E+00  0.000000E+00  0.000000E+00  0.000000E+00  0.000000E+00  0.000000E+00  0.000000E+00  0.000000E+00  0.000000E+00
  0.000000E+00  0.000000E+00  0.000000E+00  0.000000E+00  0.000000E+00  0.000000E+00  0.000000E+00  0.000000E+00  0.000000E+00
  0.000000E+00  0.000000E+00  0.000000E+00  0.000000E+00  0.000000E+00  0.000000E+00  0.000000E+00  0.000000E+00  0.000000E+00
  0.000000E+00  0.000000E+00  0.000000E+00  0.000000E+00  0.000000E+00  0.000000E+00  0.000000E+00  0.000000E+00  0.000000E+00
  0.000000E+00  0.000000E+00  0.000000E+00  0.000000E+00  0.000000E+00  0.000000E+00  0.000000E+00  0.000000E+00  0.000000E+00
  0.000000E+00  0.000000E+00  0.000000E+00  0.000000E+00  0.000000E+00  0.000000E+00  0.000000E+00  0.000000E+00  0.000000E+00
  0.000000E+00  0.000000E+00  0.000000E+00  0.000000E+00  0.000000E+00  0.000000E+00  0.000000E+00  0.000000E+00  0.000000E+00
  0.000000E+00  0.000000E+00  0.000000E+00  0.000000E+00  0.000000E+00  0.000000E+00  0.000000E+00  0.000000E+00  0.000000E+00
  0.000000E+00  0.000000E+00  0.000000E+00  0.000000E+00  0.000000E+00  0.000000E+00  0.000000E+00  0.000000E+00  0.000000E+00
  0.000000E+00  0.000000E+00  0.000000E+00  0.000000E+00  0.000000E+00  0.000000E+00  0.000000E+00  0.000000E+00  0.000000E+00
  0.000000E+00  0.000000E+00  0.000000E+00  0.000000E+00  0.000000E+00  0.000000E+00  0.000000E+00  0.000000E+00  0.000000E+00
  0.000000E+00  0.000000E+00  0.000000E+00  0.000000E+00  0.000000E+00  0.000000E+00  0.000000E+00  0.000000E+00  0.000000E+00
  0.000000E+00  0.000000E+00  0.000000E+00  0.000000E+00  0.000000E+00  0.000000E+00  0.000000E+00  0.000000E+00  0.000000E+00
  0.000000E+00  0.000000E+00  0.000000E+00  0.000000E+00  0.000000E+00  0.000000E+00  0.000000E+00  0.000000E+00  0.000000E+00
  0.000000E+00  0.000000E+00  0.000000E+00  0.000000E+00  0.000000E+00  0.000000E+00  0.000000E+00  0.000000E+00  0.000000E+00
  0.000000E+00  0.000000E+00  0.000000E+00  0.000000E+00  0.000000E+00  0.000000E+00  0.000000E+00  0.000000E+00  0.000000E+00
  0.000000E+00  0.000000E+00  0.000000E+00  0.000000E+00  0.000000E+00  0.000000E+00  0.000000E+00  0.000000E+00  0.000000E+00
  0.000000E+00  0.000000E+00  0.000000E+00  0.000000E+00  0.000000E+00  0.000000E+00  0.000000E+00  0.000000E+00  0.000000E+00
  0.000000E+00  0.000000E+00  0.000000E+00  0.000000E+00  0.000000E+00  0.000000E+00  0.000000E+00  0.000000E+00  0.000000E+00
  0.000000E+00  0.000000E+00  0.000000E+00  0.000000E+00  0.000000E+00  0.000000E+00  0.000000E+00  0.000000E+00  0.000000E+00
  0.000000E+00  0.000000E+00  0.000000E+00  0.000000E+00  0.000000E+00  0.000000E+00  0.000000E+00  0.000000E+00  0.000000E+00
  0.000000E+00  0.000000E+00  0.000000E+00  0.000000E+00  0.000000E+00  0.000000E+00  0.000000E+00  0.000000E+00  0.000000E+00
  0.000000E+00  0.000000E+00  0.000000E+00  0.000000E+00  0.000000E+00  0.000000E+00  0.000000E+00  0.000000E+00  0.000000E+00
  0.000000E+00  0.000000E+00  0.000000E+00  0.000000E+00  0.000000E+00  0.000000E+00  0.000000E+00  0.000000E+00  0.000000E+00
  0.000000E+00  0.000000E+00  0.000000E+00  0.000000E+00  0.000000E+00  0.000000E+00  0.000000E+00  0.000000E+00  0.000000E+00
  0.000000E+00  0.000000E+00  0.000000E+00  0.000000E+00  0.000000E+00  0.000000E+00  0.000000E+00  0.000000E+00  0.000000E+00
  0.000000E+00  0.000000E+00  0.000000E+00  0.000000E+00  0.000000E+00  0.000000E+00  0.000000E+00  0.000000E+00  0.000000E+00
  0.000000E+00  0.000000E+00  0.000000E+00  0.000000E+00  0.000000E+00  0.000000E+00  0.000000E+00  0.000000E+00  0.000000E+00
  0.000000E+00  0.000000E+00  0.000000E+00  0.000000E+00  0.000000E+00  0.000000E+00  0.000000E+00  0.000000E+00  0.000000E+00
