9 1 4 98 0.0250 0.9950 0.0100 F
 -3.708830e-08 -1.364220e-08 -8.826090e-14  1.488870e-11  4.795884e-12 -4.795884e-12  0.000000e+00  0.000000e+00  2.336340e-08
 -3.560500e-08 -1.351710e-08 -8.480840e-14  1.053570e-11  3.402734e-12 -3.402734e-12  0.000000e+00  0.000000e+00  2.133640e-08
 -3.416080e-08 -1.334340e-08 -8.145320e-14  8.135270e-12  2.639365e-12 -2.639365e-12  0.000000e+00  0.000000e+00  1.994110e-08
 -3.276670e-08 -1.314320e-08 -7.819510e-14  6.603240e-12  2.156518e-12 -2.156518e-12  0.000000e+00  0.000000e+00  1.901500e-08
 -3.142530e-08 -1.291460e-08 -7.505300e-14  5.533280e-12  1.823310e-12 -1.823310e-12  0.000000e+00  0.000000e+00  1.839830e-08
 -3.014230e-08 -1.265880e-08 -7.205080e-14  4.737730e-12  1.579423e-12 -1.579423e-12  0.000000e+00  0.000000e+00  1.801670e-08
 -2.892540e-08 -1.238050e-08 -6.919380e-14  4.119970e-12  1.393150e-12 -1.393150e-12  0.000000e+00  0.000000e+00  1.771990e-08
 -2.778690e-08 -1.208580e-08 -6.650290e-14  3.623800e-12  1.246215e-12 -1.246215e-12  0.000000e+00  0.000000e+00  1.754490e-08
 -2.672020e-08 -1.178250e-08 -6.396960e-14  3.216060e-12  1.127338e-12 -1.127338e-12  0.000000e+00  0.000000e+00  1.756970e-08
 -2.572450e-08 -1.148330e-08 -6.159660e-14  2.875560e-12  1.029179e-12 -1.029179e-12  0.000000e+00  0.000000e+00  1.757880e-08
 -2.480010e-08 -1.118200e-08 -5.938240e-14  2.585230e-12  9.467529e-13 -9.467529e-13  0.000000e+00  0.000000e+00  1.759220e-08
 -2.394710e-08 -1.087840e-08 -5.732710e-14  2.333890e-12  8.765561e-13 -8.765561e-13  0.000000e+00  0.000000e+00  1.759590e-08
 -2.316540e-08 -1.057260e-08 -5.543070e-14  2.113470e-12  8.160541e-13 -8.160541e-13  0.000000e+00  0.000000e+00  1.759690e-08
 -2.245510e-08 -1.026460e-08 -5.369330e-14  1.917960e-12  7.633675e-13 -7.633675e-13  0.000000e+00  0.000000e+00  1.759530e-08
 -2.180160e-08 -9.973170e-09 -5.208450e-14  1.747470e-12  7.170735e-13 -7.170735e-13  0.000000e+00  0.000000e+00  1.758960e-08
 -2.119840e-08 -9.706960e-09 -5.059040e-14  1.599720e-12  6.760747e-13 -6.760747e-13  0.000000e+00  0.000000e+00  1.757910e-08
 -2.065760e-08 -9.450090e-09 -4.923660e-14  1.467520e-12  6.395117e-13 -6.395117e-13  0.000000e+00  0.000000e+00  1.756480e-08
 -2.017930e-08 -9.202560e-09 -4.802310e-14  1.348470e-12  6.067014e-13 -6.067014e-13  0.000000e+00  0.000000e+00  1.754660e-08
 -1.974200e-08 -8.970310e-09 -4.690540e-14  1.242670e-12  5.770940e-13 -5.770940e-13  0.000000e+00  0.000000e+00  1.752750e-08
 -1.933130e-08 -8.757330e-09 -4.585360e-14  1.149540e-12  5.502424e-13 -5.502424e-13  0.000000e+00  0.000000e+00  1.750960e-08
 -1.896400e-08 -8.558970e-09 -4.490260e-14  1.065970e-12  5.257788e-13 -5.257788e-13  0.000000e+00  0.000000e+00  1.749050e-08
 -1.864010e-08 -8.375240e-09 -4.405230e-14  9.907310e-13  5.033982e-13 -5.033982e-13  0.000000e+00  0.000000e+00  1.747030e-08
 -1.835950e-08 -8.206140e-09 -4.330260e-14  9.228110e-13  4.828454e-13 -4.828454e-13  0.000000e+00  0.000000e+00  1.744880e-08
 -1.810060e-08 -8.049660e-09 -4.260630e-14  8.618850e-13  4.639052e-13 -4.639052e-13  0.000000e+00  0.000000e+00  1.742680e-08
 -1.785150e-08 -7.904690e-09 -4.193760e-14  8.074570e-13  4.463950e-13 -4.463950e-13  0.000000e+00  0.000000e+00  1.740460e-08
 -1.763000e-08 -7.772880e-09 -4.133510e-14  7.583980e-13  4.301587e-13 -4.301587e-13  0.000000e+00  0.000000e+00  1.738170e-08
 -1.743610e-08 -7.654240e-09 -4.079890e-14  7.141420e-13  4.150621e-13 -4.150621e-13  0.000000e+00  0.000000e+00  1.735800e-08
 -1.726970e-08 -7.548760e-09 -4.032890e-14  6.742070e-13  4.009894e-13 -4.009894e-13  0.000000e+00  0.000000e+00  1.733360e-08
 -1.711230e-08 -7.450200e-09 -3.988100e-14  6.378190e-13  3.878397e-13 -3.878397e-13  0.000000e+00  0.000000e+00  1.730840e-08
 -1.695390e-08 -7.355180e-09 -3.943100e-14  6.044610e-13  3.755251e-13 -3.755251e-13  0.000000e+00  0.000000e+00  1.728250e-08
 -1.680950e-08 -7.268790e-09 -3.901520e-14  5.741180e-13  3.639685e-13 -3.639685e-13  0.000000e+00  0.000000e+00  1.725580e-08
 -1.667930e-08 -7.191030e-09 -3.863340e-14  5.465160e-13  3.531020e-13 -3.531020e-13  0.000000e+00  0.000000e+00  1.722840e-08
 -1.656310e-08 -7.121890e-09 -3.828570e-14  5.214210e-13  3.428656e-13 -3.428656e-13  0.000000e+00  0.000000e+00  1.720020e-08
 -1.646100e-08 -7.061380e-09 -3.797210e-14  4.986160e-13  3.332060e-13 -3.332060e-13  0.000000e+00  0.000000e+00  1.717120e-08
 -1.637300e-08 -7.009510e-09 -3.769270e-14  4.779190e-13  3.240758e-13 -3.240758e-13  0.000000e+00  0.000000e+00  1.714150e-08
 -1.629910e-08 -6.966260e-09 -3.744730e-14  4.591560e-13  3.154326e-13 -3.154326e-13  0.000000e+00  0.000000e+00  1.711110e-08
 -1.623920e-08 -6.931640e-09 -3.723610e-14  4.421800e-13  3.072385e-13 -3.072385e-13  0.000000e+00  0.000000e+00  1.707990e-08
 -1.619350e-08 -6.905650e-09 -3.705890e-14  4.268510e-13  2.994593e-13 -2.994593e-13  0.000000e+00  0.000000e+00  1.704800e-08
 -1.613940e-08 -6.876730e-09 -3.686580e-14  4.121250e-13  2.920644e-13 -2.920644e-13  0.000000e+00  0.000000e+00  1.701630e-08
 -1.607070e-08 -6.841570e-09 -3.664220e-14  3.976960e-13  2.850259e-13 -2.850259e-13  0.000000e+00  0.000000e+00  1.698530e-08
 -1.600750e-08 -6.810640e-09 -3.643380e-14  3.843440e-13  2.783187e-13 -2.783187e-13  0.000000e+00  0.000000e+00  1.695390e-08
 -1.594990e-08 -6.783930e-09 -3.624030e-14  3.719940e-13  2.719198e-13 -2.719198e-13  0.000000e+00  0.000000e+00  1.692210e-08
 -1.589780e-08 -6.761440e-09 -3.606180e-14  3.605810e-13  2.658086e-13 -2.658086e-13  0.000000e+00  0.000000e+00  1.689000e-08
 -1.585130e-08 -6.743180e-09 -3.589830e-14  3.500430e-13  2.599661e-13 -2.599661e-13  0.000000e+00  0.000000e+00  1.685760e-08
 -1.581030e-08 -6.729150e-09 -3.574980e-14  3.403160e-13  2.543749e-13 -2.543749e-13  0.000000e+00  0.000000e+00  1.682480e-08
 -1.577500e-08 -6.719330e-09 -3.561640e-14  3.313590e-13  2.490191e-13 -2.490191e-13  0.000000e+00  0.000000e+00  1.679160e-08
 -1.574510e-08 -6.713750e-09 -3.549800e-14  3.231170e-13  2.438842e-13 -2.438842e-13  0.000000e+00  0.000000e+00  1.675810e-08
 -1.572090e-08 -6.712380e-09 -3.539450e-14  3.155490e-13  2.389568e-13 -2.389568e-13  0.000000e+00  0.000000e+00  1.672430e-08
 -1.569220e-08 -6.708240e-09 -3.528070e-14  3.081300e-13  2.342245e-13 -2.342245e-13  0.000000e+00  0.000000e+00  1.669000e-08
 -1.565640e-08 -6.699320e-09 -3.514930e-14  3.007110e-13  2.296761e-13 -2.296761e-13  0.000000e+00  0.000000e+00  1.665520e-08
 -1.562240e-08 -6.691950e-09 -3.502320e-14  2.937140e-13  2.253009e-13 -2.253009e-13  0.000000e+00  0.000000e+00  1.661990e-08
 -1.559010e-08 -6.686140e-09 -3.490240e-14  2.871210e-13  2.210893e-13 -2.210893e-13  0.000000e+00  0.000000e+00  1.658430e-08
 -1.555960e-08 -6.681890e-09 -3.478690e-14  2.809050e-13  2.170323e-13 -2.170323e-13  0.000000e+00  0.000000e+00  1.654830e-08
 -1.553090e-08 -6.679190e-09 -3.467680e-14  2.750530e-13  2.131215e-13 -2.131215e-13  0.000000e+00  0.000000e+00  1.651190e-08
 -1.550400e-08 -6.678050e-09 -3.457210e-14  2.695380e-13  2.093491e-13 -2.093491e-13  0.000000e+00  0.000000e+00  1.647510e-08
 -1.547880e-08 -6.678460e-09 -3.447260e-14  2.643460e-13  2.057079e-13 -2.057079e-13  0.000000e+00  0.000000e+00  1.643780e-08
 -1.545540e-08 -6.680440e-09 -3.437860e-14  2.594580e-13  2.021913e-13 -2.021913e-13  0.000000e+00  0.000000e+00  1.640020e-08
 -1.543380e-08 -6.683960e-09 -3.428980e-14  2.548630e-13  1.987928e-13 -1.987928e-13  0.000000e+00  0.000000e+00  1.636220e-08
 -1.540990e-08 -6.685730e-09 -3.419700e-14  2.503350e-13  1.955067e-13 -1.955067e-13  0.000000e+00  0.000000e+00  1.632420e-08
 -1.538260e-08 -6.684790e-09 -3.409730e-14  2.458150e-13  1.923275e-13 -1.923275e-13  0.000000e+00  0.000000e+00  1.628620e-08
 -1.535540e-08 -6.684140e-09 -3.399940e-14  2.414860e-13  1.892500e-13 -1.892500e-13  0.000000e+00  0.000000e+00  1.624800e-08
 -1.532850e-08 -6.683780e-09 -3.390320e-14  2.373330e-13  1.862694e-13 -1.862694e-13  0.000000e+00  0.000000e+00  1.620950e-08
 -1.530170e-08 -6.683710e-09 -3.380880e-14  2.333520e-13  1.833813e-13 -1.833813e-13  0.000000e+00  0.000000e+00  1.617080e-08
 -1.527530e-08 -6.683930e-09 -3.371610e-14  2.295360e-13  1.805813e-13 -1.805813e-13  0.000000e+00  0.000000e+00  1.613180e-08
 -1.524900e-08 -6.684450e-09 -3.362520e-14  2.258730e-13  1.778656e-13 -1.778656e-13  0.000000e+00  0.000000e+00  1.609260e-08
 -1.522290e-08 -6.685260e-09 -3.353600e-14  2.223610e-13  1.752304e-13 -1.752304e-13  0.000000e+00  0.000000e+00  1.605310e-08
 -1.519710e-08 -6.686360e-09 -3.344850e-14  2.189910e-13  1.726720e-13 -1.726720e-13  0.000000e+00  0.000000e+00  1.601330e-08
 -1.517150e-08 -6.687760e-09 -3.336280e-14  2.157570e-13  1.701873e-13 -1.701873e-13  0.000000e+00  0.000000e+00  1.597330e-08
 -1.514610e-08 -6.689440e-09 -3.327880e-14  2.126550e-13  1.677731e-13 -1.677731e-13  0.000000e+00  0.000000e+00  1.593330e-08
 -1.512100e-08 -6.691420e-09 -3.319660e-14  2.096750e-13  1.654265e-13 -1.654265e-13  0.000000e+00  0.000000e+00  1.589320e-08
 -1.509600e-08 -6.693700e-09 -3.311610e-14  2.068170e-13  1.631445e-13 -1.631445e-13  0.000000e+00  0.000000e+00  1.585290e-08
 -1.507130e-08 -6.696260e-09 -3.303730e-14  2.040750e-13  1.609247e-13 -1.609247e-13  0.000000e+00  0.000000e+00  1.581250e-08
 -1.504680e-08 -6.699110e-09 -3.296030e-14  2.014400e-13  1.587644e-13 -1.587644e-13  0.000000e+00  0.000000e+00  1.577190e-08
 -1.502260e-08 -6.702260e-09 -3.288510e-14  1.989140e-13  1.566614e-13 -1.566614e-13  0.000000e+00  0.000000e+00  1.573110e-08
 -1.499850e-08 -6.705700e-09 -3.281150e-14  1.964880e-13  1.546134e-13 -1.546134e-13  0.000000e+00  0.000000e+00  1.569010e-08
 -1.497470e-08 -6.709430e-09 -3.273980e-14  1.941620e-13  1.526182e-13 -1.526182e-13  0.000000e+00  0.000000e+00  1.564900e-08
 -1.495110e-08 -6.713460e-09 -3.266970e-14  1.919280e-13  1.506738e-13 -1.506738e-13  0.000000e+00  0.000000e+00  1.560760e-08
 -1.492770e-08 -6.717780e-09 -3.260140e-14  1.897840e-13  1.487784e-13 -1.487784e-13  0.000000e+00  0.000000e+00  1.556610e-08
 -1.490310e-08 -6.720230e-09 -3.252840e-14  1.875930e-13  1.469300e-13 -1.469300e-13  0.000000e+00  0.000000e+00  1.552460e-08
 -1.487720e-08 -6.720500e-09 -3.244960e-14  1.853320e-13  1.451271e-13 -1.451271e-13  0.000000e+00  0.000000e+00  1.548300e-08
 -1.485110e-08 -6.720650e-09 -3.237130e-14  1.831320e-13  1.433678e-13 -1.433678e-13  0.000000e+00  0.000000e+00  1.544140e-08
 -1.482500e-08 -6.720670e-09 -3.229340e-14  1.809920e-13  1.416506e-13 -1.416506e-13  0.000000e+00  0.000000e+00  1.539960e-08
 -1.479880e-08 -6.720560e-09 -3.221610e-14  1.789100e-13  1.399741e-13 -1.399741e-13  0.000000e+00  0.000000e+00  1.535760e-08
 -1.477260e-08 -6.720320e-09 -3.213920e-14  1.768830e-13  1.383369e-13 -1.383369e-13  0.000000e+00  0.000000e+00  1.531560e-08
 -1.474640e-08 -6.719950e-09 -3.206280e-14  1.749080e-13  1.367374e-13 -1.367374e-13  0.000000e+00  0.000000e+00  1.527340e-08
 -1.472000e-08 -6.719450e-09 -3.198680e-14  1.729870e-13  1.351746e-13 -1.351746e-13  0.000000e+00  0.000000e+00  1.523110e-08
 -1.469360e-08 -6.718830e-09 -3.191130e-14  1.711150e-13  1.336470e-13 -1.336470e-13  0.000000e+00  0.000000e+00  1.518870e-08
 -1.466720e-08 -6.718070e-09 -3.183630e-14  1.692920e-13  1.321536e-13 -1.321536e-13  0.000000e+00  0.000000e+00  1.514620e-08
 -1.464070e-08 -6.717190e-09 -3.176180e-14  1.675150e-13  1.306932e-13 -1.306932e-13  0.000000e+00  0.000000e+00  1.510360e-08
 -1.461420e-08 -6.716180e-09 -3.168780e-14  1.657840e-13  1.292647e-13 -1.292647e-13  0.000000e+00  0.000000e+00  1.506120e-08
 -1.458760e-08 -6.715040e-09 -3.161420e-14  1.640960e-13  1.278671e-13 -1.278671e-13  0.000000e+00  0.000000e+00  1.501870e-08
 -1.456090e-08 -6.713780e-09 -3.154110e-14  1.624510e-13  1.264994e-13 -1.264994e-13  0.000000e+00  0.000000e+00  1.497620e-08
 -1.453420e-08 -6.712380e-09 -3.146840e-14  1.608450e-13  1.251606e-13 -1.251606e-13  0.000000e+00  0.000000e+00  1.493350e-08
 -1.450740e-08 -6.710860e-09 -3.139630e-14  1.592810e-13  1.238499e-13 -1.238499e-13  0.000000e+00  0.000000e+00  1.489080e-08
 -1.448060e-08 -6.709210e-09 -3.132460e-14  1.577520e-13  1.225663e-13 -1.225663e-13  0.000000e+00  0.000000e+00  1.484810e-08
 -1.445370e-08 -6.707430e-09 -3.125330e-14  1.562640e-13  1.213091e-13 -1.213091e-13  0.000000e+00  0.000000e+00  1.480530e-08
 -1.442680e-08 -6.705520e-09 -3.118260e-14  1.548110e-13  1.200774e-13 -1.200774e-13  0.000000e+00  0.000000e+00  1.476240e-08
 -1.439980e-08 -6.703480e-09 -3.111230e-14  1.533900e-13  1.188705e-13 -1.188705e-13  0.000000e+00  0.000000e+00  1.471940e-08
9 2 4 90 1.0500 9.9500 0.1000 F
 -1.424860e-07 -6.686160e-08 -3.071340e-13  1.458170e-12  1.127276e-12 -1.127276e-12  0.000000e+00  0.000000e+00  1.448450e-07
 -1.396690e-07 -6.639440e-08 -2.999590e-13  1.335100e-12  1.029111e-12 -1.029111e-12  0.000000e+00  0.000000e+00  1.405760e-07
 -1.368040e-07 -6.577530e-08 -2.929170e-13  1.229870e-12  9.466785e-13 -9.466785e-13  0.000000e+00  0.000000e+00  1.363530e-07
 -1.339320e-07 -6.504940e-08 -2.860010e-13  1.138170e-12  8.764759e-13 -8.764759e-13  0.000000e+00  0.000000e+00  1.322330e-07
 -1.310320e-07 -6.419420e-08 -2.792150e-13  1.057350e-12  8.159679e-13 -8.159679e-13  0.000000e+00  0.000000e+00  1.281870e-07
 -1.281040e-07 -6.320980e-08 -2.725590e-13  9.853090e-13  7.632754e-13 -7.632754e-13  0.000000e+00  0.000000e+00  1.242160e-07
 -1.252190e-07 -6.218000e-08 -2.660500e-13  9.211770e-13  7.169754e-13 -7.169754e-13  0.000000e+00  0.000000e+00  1.203650e-07
 -1.224230e-07 -6.116080e-08 -2.597020e-13  8.640660e-13  6.759707e-13 -6.759707e-13  0.000000e+00  0.000000e+00  1.166640e-07
 -1.196620e-07 -6.008690e-08 -2.534990e-13  8.123210e-13  6.394017e-13 -6.394017e-13  0.000000e+00  0.000000e+00  1.130790e-07
 -1.169350e-07 -5.895840e-08 -2.474420e-13  7.651180e-13  6.065854e-13 -6.065854e-13  0.000000e+00  0.000000e+00  1.096090e-07
 -1.142760e-07 -5.781990e-08 -2.415490e-13  7.217880e-13  5.769721e-13 -5.769721e-13  0.000000e+00  0.000000e+00  1.062620e-07
 -1.117040e-07 -5.670120e-08 -2.358310e-13  6.817960e-13  5.501146e-13 -5.501146e-13  0.000000e+00  0.000000e+00  1.030450e-07
 -1.091960e-07 -5.556760e-08 -2.302760e-13  6.446910e-13  5.256450e-13 -5.256450e-13  0.000000e+00  0.000000e+00  9.995100e-08
 -1.067510e-07 -5.441900e-08 -2.248820e-13  6.101060e-13  5.032585e-13 -5.032585e-13  0.000000e+00  0.000000e+00  9.697970e-08
 -1.043690e-07 -5.325560e-08 -2.196500e-13  5.777360e-13  4.826998e-13 -4.826998e-13  0.000000e+00  0.000000e+00  9.413120e-08
 -1.020650e-07 -5.210810e-08 -2.145710e-13  5.477580e-13  4.637536e-13 -4.637536e-13  0.000000e+00  0.000000e+00  9.138680e-08
 -9.984820e-08 -5.099340e-08 -2.096420e-13  5.201340e-13  4.462375e-13 -4.462375e-13  0.000000e+00  0.000000e+00  8.873630e-08
 -9.770550e-08 -4.988640e-08 -2.048670e-13  4.942720e-13  4.299952e-13 -4.299952e-13  0.000000e+00  0.000000e+00  8.619500e-08
 -9.563700e-08 -4.878690e-08 -2.002490e-13  4.699880e-13  4.148927e-13 -4.148927e-13  0.000000e+00  0.000000e+00  8.376290e-08
 -9.364270e-08 -4.769490e-08 -1.957860e-13  4.471200e-13  4.008140e-13 -4.008140e-13  0.000000e+00  0.000000e+00  8.144010e-08
 -9.171740e-08 -4.662660e-08 -1.914610e-13  4.257270e-13  3.876584e-13 -3.876584e-13  0.000000e+00  0.000000e+00  7.919790e-08
 -8.985820e-08 -4.559080e-08 -1.872620e-13  4.057740e-13  3.753378e-13 -3.753378e-13  0.000000e+00  0.000000e+00  7.702090e-08
 -8.806930e-08 -4.457410e-08 -1.832070e-13  3.869740e-13  3.637753e-13 -3.637753e-13  0.000000e+00  0.000000e+00  7.493240e-08
 -8.635080e-08 -4.357680e-08 -1.792930e-13  3.692280e-13  3.529029e-13 -3.529029e-13  0.000000e+00  0.000000e+00  7.293240e-08
 -8.470260e-08 -4.259870e-08 -1.755220e-13  3.524390e-13  3.426605e-13 -3.426605e-13  0.000000e+00  0.000000e+00  7.102080e-08
 -8.312490e-08 -4.163990e-08 -1.718930e-13  3.365300e-13  3.329950e-13 -3.329950e-13  0.000000e+00  0.000000e+00  6.919770e-08
 -8.161750e-08 -4.070030e-08 -1.684060e-13  3.214270e-13  3.238588e-13 -3.238588e-13  0.000000e+00  0.000000e+00  6.746310e-08
 -8.018060e-08 -3.978000e-08 -1.650620e-13  3.070650e-13  3.152097e-13 -3.152097e-13  0.000000e+00  0.000000e+00  6.581690e-08
 -7.881390e-08 -3.887900e-08 -1.618600e-13  2.933870e-13  3.070097e-13 -3.070097e-13  0.000000e+00  0.000000e+00  6.425930e-08
 -7.751770e-08 -3.799730e-08 -1.588010e-13  2.803420e-13  2.992246e-13 -2.992246e-13  0.000000e+00  0.000000e+00  6.279010e-08
 -7.625520e-08 -3.714260e-08 -1.558020e-13  2.681410e-13  2.918237e-13 -2.918237e-13  0.000000e+00  0.000000e+00  6.134690e-08
 -7.501590e-08 -3.631720e-08 -1.528400e-13  2.567940e-13  2.847792e-13 -2.847792e-13  0.000000e+00  0.000000e+00  5.991200e-08
 -7.383310e-08 -3.551410e-08 -1.499900e-13  2.460210e-13  2.780661e-13 -2.780661e-13  0.000000e+00  0.000000e+00  5.854180e-08
 -7.270670e-08 -3.473320e-08 -1.472500e-13  2.357790e-13  2.716613e-13 -2.716613e-13  0.000000e+00  0.000000e+00  5.723620e-08
 -7.163670e-08 -3.397450e-08 -1.446220e-13  2.260350e-13  2.655442e-13 -2.655442e-13  0.000000e+00  0.000000e+00  5.599540e-08
 -7.062310e-08 -3.323810e-08 -1.421050e-13  2.167520e-13  2.596957e-13 -2.596957e-13  0.000000e+00  0.000000e+00  5.481920e-08
 -6.966580e-08 -3.252390e-08 -1.396990e-13  2.079050e-13  2.540985e-13 -2.540985e-13  0.000000e+00  0.000000e+00  5.370770e-08
 -6.876500e-08 -3.183190e-08 -1.374050e-13  1.994640e-13  2.487368e-13 -2.487368e-13  0.000000e+00  0.000000e+00  5.266080e-08
 -6.792060e-08 -3.116220e-08 -1.352210e-13  1.914030e-13  2.435960e-13 -2.435960e-13  0.000000e+00  0.000000e+00  5.167870e-08
 -6.713250e-08 -3.051470e-08 -1.331490e-13  1.837010e-13  2.386626e-13 -2.386626e-13  0.000000e+00  0.000000e+00  5.076110e-08
 -6.635480e-08 -2.988480e-08 -1.310970e-13  1.764600e-13  2.339244e-13 -2.339244e-13  0.000000e+00  0.000000e+00  4.984890e-08
 -6.557410e-08 -2.927110e-08 -1.290410e-13  1.696900e-13  2.293700e-13 -2.293700e-13  0.000000e+00  0.000000e+00  4.892490e-08
 -6.483230e-08 -2.867790e-08 -1.270600e-13  1.632520e-13  2.249889e-13 -2.249889e-13  0.000000e+00  0.000000e+00  4.804290e-08
 -6.412930e-08 -2.810510e-08 -1.251570e-13  1.571320e-13  2.207714e-13 -2.207714e-13  0.000000e+00  0.000000e+00  4.720300e-08
 -6.346510e-08 -2.755280e-08 -1.233310e-13  1.513070e-13  2.167084e-13 -2.167084e-13  0.000000e+00  0.000000e+00  4.640500e-08
 -6.283980e-08 -2.702090e-08 -1.215810e-13  1.457670e-13  2.127917e-13 -2.127917e-13  0.000000e+00  0.000000e+00  4.564910e-08
 -6.225320e-08 -2.650950e-08 -1.199070e-13  1.404920e-13  2.090133e-13 -2.090133e-13  0.000000e+00  0.000000e+00  4.493520e-08
 -6.170540e-08 -2.601850e-08 -1.183110e-13  1.354710e-13  2.053663e-13 -2.053663e-13  0.000000e+00  0.000000e+00  4.426330e-08
 -6.119650e-08 -2.554800e-08 -1.167910e-13  1.306900e-13  2.018437e-13 -2.018437e-13  0.000000e+00  0.000000e+00  4.363340e-08
 -6.072630e-08 -2.509790e-08 -1.153470e-13  1.261370e-13  1.984393e-13 -1.984393e-13  0.000000e+00  0.000000e+00  4.304550e-08
 -6.025880e-08 -2.465480e-08 -1.139130e-13  1.217830e-13  1.951472e-13 -1.951472e-13  0.000000e+00  0.000000e+00  4.245760e-08
 -5.978350e-08 -2.421500e-08 -1.124700e-13  1.176140e-13  1.919621e-13 -1.919621e-13  0.000000e+00  0.000000e+00  4.185760e-08
 -5.933320e-08 -2.379050e-08 -1.110770e-13  1.136370e-13  1.888786e-13 -1.888786e-13  0.000000e+00  0.000000e+00  4.128360e-08
 -5.890790e-08 -2.338130e-08 -1.097350e-13  1.098410e-13  1.858921e-13 -1.858921e-13  0.000000e+00  0.000000e+00  4.073560e-08
 -5.850760e-08 -2.298740e-08 -1.084440e-13  1.062180e-13  1.829981e-13 -1.829981e-13  0.000000e+00  0.000000e+00  4.021360e-08
 -5.813230e-08 -2.260890e-08 -1.072040e-13  1.027620e-13  1.801922e-13 -1.801922e-13  0.000000e+00  0.000000e+00  3.971750e-08
 -5.778210e-08 -2.224570e-08 -1.060150e-13  9.946280e-14  1.774705e-13 -1.774705e-13  0.000000e+00  0.000000e+00  3.924740e-08
 -5.745680e-08 -2.189780e-08 -1.048780e-13  9.631550e-14  1.748293e-13 -1.748293e-13  0.000000e+00  0.000000e+00  3.880330e-08
 -5.715650e-08 -2.156530e-08 -1.037910e-13  9.331210e-14  1.722651e-13 -1.722651e-13  0.000000e+00  0.000000e+00  3.838510e-08
 -5.688120e-08 -2.124810e-08 -1.027550e-13  9.044810e-14  1.697745e-13 -1.697745e-13  0.000000e+00  0.000000e+00  3.799290e-08
 -5.660690e-08 -2.093540e-08 -1.017240e-13  8.770740e-14  1.673543e-13 -1.673543e-13  0.000000e+00  0.000000e+00  3.759930e-08
 -5.632690e-08 -2.062420e-08 -1.006860e-13  8.508570e-14  1.650017e-13 -1.650017e-13  0.000000e+00  0.000000e+00  3.719660e-08
 -5.606270e-08 -2.032430e-08 -9.968060e-14  8.258320e-14  1.627139e-13 -1.627139e-13  0.000000e+00  0.000000e+00  3.680940e-08
 -5.581440e-08 -2.003550e-08 -9.870910e-14  8.019450e-14  1.604881e-13 -1.604881e-13  0.000000e+00  0.000000e+00  3.643770e-08
 -5.558200e-08 -1.975790e-08 -9.777110e-14  7.791540e-14  1.583219e-13 -1.583219e-13  0.000000e+00  0.000000e+00  3.608160e-08
 -5.536540e-08 -1.949160e-08 -9.686670e-14  7.574140e-14  1.562130e-13 -1.562130e-13  0.000000e+00  0.000000e+00  3.574100e-08
 -5.516470e-08 -1.923650e-08 -9.599580e-14  7.366880e-14  1.541590e-13 -1.541590e-13  0.000000e+00  0.000000e+00  3.541600e-08
 -5.497990e-08 -1.899260e-08 -9.515830e-14  7.169340e-14  1.521579e-13 -1.521579e-13  0.000000e+00  0.000000e+00  3.510650e-08
 -5.481090e-08 -1.875990e-08 -9.435440e-14  6.981240e-14  1.502076e-13 -1.502076e-13  0.000000e+00  0.000000e+00  3.481250e-08
 -5.465780e-08 -1.853840e-08 -9.358400e-14  6.802060e-14  1.483062e-13 -1.483062e-13  0.000000e+00  0.000000e+00  3.453410e-08
 -5.450360e-08 -1.831850e-08 -9.281480e-14  6.629330e-14  1.464519e-13 -1.464519e-13  0.000000e+00  0.000000e+00  3.425440e-08
 -5.434350e-08 -1.809740e-08 -9.203760e-14  6.462060e-14  1.446430e-13 -1.446430e-13  0.000000e+00  0.000000e+00  3.396860e-08
 -5.419280e-08 -1.788390e-08 -9.128160e-14  6.302150e-14  1.428778e-13 -1.428778e-13  0.000000e+00  0.000000e+00  3.369190e-08
 -5.405150e-08 -1.767800e-08 -9.054680e-14  6.149270e-14  1.411548e-13 -1.411548e-13  0.000000e+00  0.000000e+00  3.342440e-08
 -5.391960e-08 -1.747960e-08 -8.983320e-14  6.003240e-14  1.394723e-13 -1.394723e-13  0.000000e+00  0.000000e+00  3.316600e-08
 -5.379710e-08 -1.728880e-08 -8.914080e-14  5.863760e-14  1.378291e-13 -1.378291e-13  0.000000e+00  0.000000e+00  3.291670e-08
 -5.368400e-08 -1.710540e-08 -8.846960e-14  5.730600e-14  1.362238e-13 -1.362238e-13  0.000000e+00  0.000000e+00  3.267650e-08
 -5.358030e-08 -1.692970e-08 -8.781960e-14  5.603610e-14  1.346550e-13 -1.346550e-13  0.000000e+00  0.000000e+00  3.244540e-08
 -5.348600e-08 -1.676150e-08 -8.719080e-14  5.482500e-14  1.331215e-13 -1.331215e-13  0.000000e+00  0.000000e+00  3.222350e-08
 -5.340110e-08 -1.660080e-08 -8.658310e-14  5.367140e-14  1.316222e-13 -1.316222e-13  0.000000e+00  0.000000e+00  3.201070e-08
 -5.331650e-08 -1.643980e-08 -8.597920e-14  5.253550e-14  1.301558e-13 -1.301558e-13  0.000000e+00  0.000000e+00  3.179760e-08
 -5.322970e-08 -1.627620e-08 -8.537400e-14  5.140550e-14  1.287214e-13 -1.287214e-13  0.000000e+00  0.000000e+00  3.158160e-08
 -5.314880e-08 -1.611720e-08 -8.478330e-14  5.031540e-14  1.273179e-13 -1.273179e-13  0.000000e+00  0.000000e+00  3.137110e-08
 -5.307390e-08 -1.596280e-08 -8.420720e-14  4.926390e-14  1.259443e-13 -1.259443e-13  0.000000e+00  0.000000e+00  3.116610e-08
 -5.300490e-08 -1.581290e-08 -8.364550e-14  4.824840e-14  1.245996e-13 -1.245996e-13  0.000000e+00  0.000000e+00  3.096670e-08
 -5.294190e-08 -1.566750e-08 -8.309840e-14  4.727030e-14  1.232830e-13 -1.232830e-13  0.000000e+00  0.000000e+00  3.077290e-08
 -5.288480e-08 -1.552670e-08 -8.256580e-14  4.632560e-14  1.219935e-13 -1.219935e-13  0.000000e+00  0.000000e+00  3.058450e-08
 -5.283360e-08 -1.539040e-08 -8.204770e-14  4.541520e-14  1.207303e-13 -1.207303e-13  0.000000e+00  0.000000e+00  3.040170e-08
 -5.278840e-08 -1.525870e-08 -8.154420e-14  4.453780e-14  1.194927e-13 -1.194927e-13  0.000000e+00  0.000000e+00  3.022450e-08
 -5.274910e-08 -1.513160e-08 -8.105520e-14  4.369110e-14  1.182798e-13 -1.182798e-13  0.000000e+00  0.000000e+00  3.005280e-08
9 3 4 160 10.2500 89.7500 0.5000 C
 -2.631140e-07 -7.373960e-08 -3.979280e-13  2.065570e-13  5.676520e-14 -1.053330e-13  0.000000e+00  0.000000e+00  1.476620e-07
 -2.623160e-07 -7.077200e-08 -3.864490e-13  1.892090e-13  4.509320e-14 -9.971900e-14  0.000000e+00  0.000000e+00  1.435840e-07
 -2.619070e-07 -6.813720e-08 -3.760690e-13  1.747330e-13  3.523180e-14 -9.491330e-14  0.000000e+00  0.000000e+00  1.398900e-07
 -2.618860e-07 -6.583500e-08 -3.667860e-13  1.627600e-13  2.694920e-14 -9.081180e-14  0.000000e+00  0.000000e+00  1.365810e-07
 -2.619390e-07 -6.360850e-08 -3.579360e-13  1.522600e-13  1.976270e-14 -8.711650e-14  0.000000e+00  0.000000e+00  1.333960e-07
 -2.618570e-07 -6.128700e-08 -3.490790e-13  1.425940e-13  1.335790e-14 -8.364330e-14  0.000000e+00  0.000000e+00  1.301650e-07
 -2.618840e-07 -5.907000e-08 -3.407280e-13  1.341880e-13  7.854180e-15 -8.051980e-14  0.000000e+00  0.000000e+00  1.270870e-07
 -2.620210e-07 -5.695740e-08 -3.328850e-13  1.269050e-13  3.152890e-15 -7.770760e-14  0.000000e+00  0.000000e+00  1.241640e-07
 -2.622650e-07 -5.494930e-08 -3.255490e-13  1.206260e-13 -8.306530e-16 -7.517380e-14  0.000000e+00  0.000000e+00  1.213950e-07
 -2.626190e-07 -5.304540e-08 -3.187190e-13  1.152490e-13 -4.169750e-15 -7.289040e-14  0.000000e+00  0.000000e+00  1.187800e-07
 -2.630800e-07 -5.124590e-08 -3.123950e-13  1.106840e-13 -6.928000e-15 -7.083160e-14  0.000000e+00  0.000000e+00  1.163190e-07
 -2.636490e-07 -4.955060e-08 -3.065770e-13  1.068540e-13 -9.161140e-15 -6.897730e-14  0.000000e+00  0.000000e+00  1.140110e-07
 -2.640370e-07 -4.769410e-08 -3.005910e-13  1.030830e-13 -1.131680e-14 -6.713210e-14  0.000000e+00  0.000000e+00  1.116330e-07
 -2.641420e-07 -4.558330e-08 -2.942010e-13  9.916140e-14 -1.353860e-14 -6.523670e-14  0.000000e+00  0.000000e+00  1.091080e-07
 -2.642190e-07 -4.345240e-08 -2.880010e-13  9.560410e-14 -1.548890e-14 -6.344000e-14  0.000000e+00  0.000000e+00  1.066310e-07
 -2.642680e-07 -4.130180e-08 -2.819900e-13  9.238040e-14 -1.719070e-14 -6.173400e-14  0.000000e+00  0.000000e+00  1.042030e-07
 -2.642890e-07 -3.913160e-08 -2.761690e-13  8.946300e-14 -1.866460e-14 -6.011130e-14  0.000000e+00  0.000000e+00  1.018240e-07
 -2.642830e-07 -3.694190e-08 -2.705370e-13  8.682680e-14 -1.992890e-14 -5.856510e-14  0.000000e+00  0.000000e+00  9.949470e-08
 -2.642480e-07 -3.473290e-08 -2.650950e-13  8.445060e-14 -2.100010e-14 -5.708990e-14  0.000000e+00  0.000000e+00  9.721410e-08
 -2.641870e-07 -3.250480e-08 -2.598420e-13  8.231350e-14 -2.189290e-14 -5.567980e-14  0.000000e+00  0.000000e+00  9.498260e-08
 -2.640100e-07 -3.016920e-08 -2.545140e-13  8.020580e-14 -2.282530e-14 -5.427550e-14  0.000000e+00  0.000000e+00  9.271840e-08
 -2.636870e-07 -2.769530e-08 -2.490170e-13  7.805920e-14 -2.386450e-14 -5.285800e-14  0.000000e+00  0.000000e+00  9.039280e-08
 -2.632960e-07 -2.516160e-08 -2.435860e-13  7.603870e-14 -2.483110e-14 -5.147460e-14  0.000000e+00  0.000000e+00  8.807810e-08
 -2.628380e-07 -2.256830e-08 -2.382200e-13  7.413460e-14 -2.572980e-14 -5.012220e-14  0.000000e+00  0.000000e+00  8.577450e-08
 -2.623110e-07 -1.991580e-08 -2.329200e-13  7.233970e-14 -2.656530e-14 -4.879940e-14  0.000000e+00  0.000000e+00  8.348210e-08
 -2.617160e-07 -1.720430e-08 -2.276860e-13  7.064630e-14 -2.734170e-14 -4.750370e-14  0.000000e+00  0.000000e+00  8.120110e-08
 -2.610540e-07 -1.443430e-08 -2.225190e-13  6.904870e-14 -2.806310e-14 -4.623430e-14  0.000000e+00  0.000000e+00  7.893140e-08
 -2.603250e-07 -1.160590e-08 -2.174170e-13  6.753960e-14 -2.873250e-14 -4.498870e-14  0.000000e+00  0.000000e+00  7.667330e-08
 -2.595280e-07 -8.719650e-09 -2.123820e-13  6.611390e-14 -2.935310e-14 -4.376570e-14  0.000000e+00  0.000000e+00  7.442680e-08
 -2.586650e-07 -5.775750e-09 -2.074130e-13  6.476740e-14 -2.992850e-14 -4.256470e-14  0.000000e+00  0.000000e+00  7.219200e-08
 -2.577130e-07 -2.769020e-09 -2.024400e-13  6.344130e-14 -3.045200e-14 -4.137180e-14  0.000000e+00  0.000000e+00  6.994950e-08
 -2.566670e-07  3.017260e-10 -1.974440e-13  6.212000e-14 -3.092430e-14 -4.018340e-14  0.000000e+00  0.000000e+00  6.769400e-08
 -2.555460e-07  3.431120e-09 -1.924880e-13  6.084990e-14 -3.135640e-14 -3.901020e-14  0.000000e+00  0.000000e+00  6.544310e-08
 -2.543510e-07  6.618780e-09 -1.875730e-13  5.962720e-14 -3.174990e-14 -3.785080e-14  0.000000e+00  0.000000e+00  6.319710e-08
 -2.530830e-07  9.864310e-09 -1.826980e-13  5.844990e-14 -3.210720e-14 -3.670470e-14  0.000000e+00  0.000000e+00  6.095600e-08
 -2.517410e-07  1.316730e-08 -1.778640e-13  5.731540e-14 -3.243040e-14 -3.557150e-14  0.000000e+00  0.000000e+00  5.871990e-08
 -2.503250e-07  1.652750e-08 -1.730710e-13  5.622110e-14 -3.272100e-14 -3.445010e-14  0.000000e+00  0.000000e+00  5.648910e-08
 -2.488370e-07  1.994430e-08 -1.683190e-13  5.516540e-14 -3.298100e-14 -3.334050e-14  0.000000e+00  0.000000e+00  5.426350e-08
 -2.472760e-07  2.341740e-08 -1.636090e-13  5.414580e-14 -3.321170e-14 -3.224170e-14  0.000000e+00  0.000000e+00  5.204340e-08
 -2.456430e-07  2.694630e-08 -1.589390e-13  5.316080e-14 -3.341470e-14 -3.115350e-14  0.000000e+00  0.000000e+00  4.982870e-08
 -2.439690e-07  3.049970e-08 -1.543120e-13  5.215760e-14 -3.360490e-14 -3.008420e-14  0.000000e+00  0.000000e+00  4.764040e-08
 -2.422650e-07  3.406840e-08 -1.497270e-13  5.112230e-14 -3.378620e-14 -2.903530e-14  0.000000e+00  0.000000e+00  4.548430e-08
 -2.405020e-07  3.768000e-08 -1.451840e-13  5.010120e-14 -3.394730e-14 -2.799800e-14  0.000000e+00  0.000000e+00  4.334190e-08
 -2.386800e-07  4.133420e-08 -1.406830e-13  4.909390e-14 -3.408940e-14 -2.697200e-14  0.000000e+00  0.000000e+00  4.121310e-08
 -2.367980e-07  4.503050e-08 -1.362240e-13  4.810000e-14 -3.421330e-14 -2.595690e-14  0.000000e+00  0.000000e+00  3.909820e-08
 -2.348590e-07  4.876860e-08 -1.318070e-13  4.711890e-14 -3.431990e-14 -2.495220e-14  0.000000e+00  0.000000e+00  3.699710e-08
 -2.328610e-07  5.254800e-08 -1.274330e-13  4.615050e-14 -3.441030e-14 -2.395780e-14  0.000000e+00  0.000000e+00  3.491000e-08
 -2.308060e-07  5.636830e-08 -1.231020e-13  4.519330e-14 -3.448450e-14 -2.297290e-14  0.000000e+00  0.000000e+00  3.283690e-08
 -2.286930e-07  6.022920e-08 -1.188130e-13  4.424830e-14 -3.454430e-14 -2.199770e-14  0.000000e+00  0.000000e+00  3.077790e-08
 -2.265220e-07  6.413000e-08 -1.145670e-13  4.331330e-14 -3.458900e-14 -2.103110e-14  0.000000e+00  0.000000e+00  2.873320e-08
 -2.242960e-07  6.807050e-08 -1.103640e-13  4.238950e-14 -3.462050e-14 -2.007370e-14  0.000000e+00  0.000000e+00  2.670270e-08
 -2.220120e-07  7.205020e-08 -1.062030e-13  4.147510e-14 -3.463830e-14 -1.912430e-14  0.000000e+00  0.000000e+00  2.468660e-08
 -2.196730e-07  7.606860e-08 -1.020860e-13  4.057090e-14 -3.464370e-14 -1.818330e-14  0.000000e+00  0.000000e+00  2.268480e-08
 -2.172780e-07  8.012530e-08 -9.801210e-14  3.967600e-14 -3.463710e-14 -1.725020e-14  0.000000e+00  0.000000e+00  2.069760e-08
 -2.148280e-07  8.421980e-08 -9.398130e-14  3.878990e-14 -3.461850e-14 -1.632460e-14  0.000000e+00  0.000000e+00  1.872500e-08
 -2.123220e-07  8.835170e-08 -8.999370e-14  3.791300e-14 -3.458920e-14 -1.540680e-14  0.000000e+00  0.000000e+00  1.676700e-08
 -2.097620e-07  9.252040e-08 -8.604960e-14  3.704440e-14 -3.454900e-14 -1.449600e-14  0.000000e+00  0.000000e+00  1.482370e-08
 -2.071480e-07  9.672550e-08 -8.214880e-14  3.618400e-14 -3.449840e-14 -1.359230e-14  0.000000e+00  0.000000e+00  1.289520e-08
 -2.044810e-07  1.009670e-07 -7.829160e-14  3.533150e-14 -3.443810e-14 -1.269550e-14  0.000000e+00  0.000000e+00  1.098150e-08
 -2.017590e-07  1.052430e-07 -7.447790e-14  3.448670e-14 -3.436820e-14 -1.180530e-14  0.000000e+00  0.000000e+00  9.082790e-09
 -1.991010e-07  1.094490e-07 -7.080240e-14  3.362140e-14 -3.430340e-14 -1.096170e-14  0.000000e+00  0.000000e+00  7.269640e-09
 -1.965210e-07  1.135670e-07 -6.727850e-14  3.273250e-14 -3.424570e-14 -1.016860e-14  0.000000e+00  0.000000e+00  5.552120e-09
 -1.939110e-07  1.177000e-07 -6.381610e-14  3.184670e-14 -3.418120e-14 -9.387080e-15  0.000000e+00  0.000000e+00  3.862940e-09
 -1.912700e-07  1.218460e-07 -6.041500e-14  3.096440e-14 -3.411070e-14 -8.616830e-15  0.000000e+00  0.000000e+00  2.202080e-09
 -1.886000e-07  1.260060e-07 -5.707520e-14  3.008530e-14 -3.403410e-14 -7.857440e-15  0.000000e+00  0.000000e+00  5.695250e-10
 -1.859000e-07  1.301790e-07 -5.379670e-14  2.920950e-14 -3.395180e-14 -7.108660e-15  0.000000e+00  0.000000e+00 -1.034740e-09
 -1.831710e-07  1.343640e-07 -5.057940e-14  2.833650e-14 -3.386350e-14 -6.370040e-15  0.000000e+00  0.000000e+00 -2.610750e-09
 -1.804130e-07  1.385610e-07 -4.742310e-14  2.746720e-14 -3.377030e-14 -5.641490e-15  0.000000e+00  0.000000e+00 -4.158520e-09
 -1.776260e-07  1.427700e-07 -4.432780e-14  2.660080e-14 -3.367180e-14 -4.922570e-15  0.000000e+00  0.000000e+00 -5.678090e-09
 -1.748110e-07  1.469900e-07 -4.129350e-14  2.573730e-14 -3.356800e-14 -4.213010e-15  0.000000e+00  0.000000e+00 -7.169490e-09
 -1.719680e-07  1.512210e-07 -3.831990e-14  2.487640e-14 -3.345860e-14 -3.512540e-15  0.000000e+00  0.000000e+00 -8.632760e-09
 -1.690970e-07  1.554620e-07 -3.540700e-14  2.401950e-14 -3.334570e-14 -2.821110e-15  0.000000e+00  0.000000e+00 -1.006790e-08
 -1.661990e-07  1.597140e-07 -3.255470e-14  2.316520e-14 -3.322770e-14 -2.138300e-15  0.000000e+00  0.000000e+00 -1.147510e-08
 -1.632740e-07  1.639750e-07 -2.976280e-14  2.231380e-14 -3.310520e-14 -1.463930e-15  0.000000e+00  0.000000e+00 -1.285420e-08
 -1.603230e-07  1.682450e-07 -2.703130e-14  2.146580e-14 -3.297890e-14 -7.978310e-16  0.000000e+00  0.000000e+00 -1.420530e-08
 -1.573450e-07  1.725240e-07 -2.435990e-14  2.062040e-14 -3.284800e-14 -1.397550e-16  0.000000e+00  0.000000e+00 -1.552850e-08
 -1.543420e-07  1.768120e-07 -2.174860e-14  1.977820e-14 -3.271330e-14  5.104660e-16  0.000000e+00  0.000000e+00 -1.682390e-08
 -1.513120e-07  1.811070e-07 -1.919720e-14  1.893930e-14 -3.257520e-14  1.153040e-15  0.000000e+00  0.000000e+00 -1.809150e-08
 -1.482580e-07  1.854100e-07 -1.670550e-14  1.810300e-14 -3.243290e-14  1.788110e-15  0.000000e+00  0.000000e+00 -1.933130e-08
 -1.451790e-07  1.897190e-07 -1.427340e-14  1.726980e-14 -3.228710e-14  2.415860e-15  0.000000e+00  0.000000e+00 -2.054340e-08
 -1.421850e-07  1.938840e-07 -1.196620e-14  1.646620e-14 -3.213620e-14  2.988230e-15  0.000000e+00  0.000000e+00 -2.167080e-08
 -1.392940e-07  1.978810e-07 -9.792900e-15  1.569530e-14 -3.198020e-14  3.500050e-15  0.000000e+00  0.000000e+00 -2.270540e-08
 -1.363980e-07  2.018560e-07 -7.690810e-15  1.493120e-14 -3.182060e-14  3.998080e-15  0.000000e+00  0.000000e+00 -2.370190e-08
 -1.335000e-07  2.058090e-07 -5.659660e-15  1.417400e-14 -3.165830e-14  4.482780e-15  0.000000e+00  0.000000e+00 -2.466050e-08
 -1.305990e-07  2.097380e-07 -3.699170e-15  1.342310e-14 -3.149210e-14  4.954380e-15  0.000000e+00  0.000000e+00 -2.558130e-08
 -1.276960e-07  2.136450e-07 -1.809070e-15  1.267880e-14 -3.132280e-14  5.413320e-15  0.000000e+00  0.000000e+00 -2.646450e-08
 -1.247900e-07  2.175280e-07  1.095450e-17  1.194080e-14 -3.115070e-14  5.859980e-15  0.000000e+00  0.000000e+00 -2.731020e-08
 -1.218820e-07  2.213870e-07  1.761200e-15  1.120910e-14 -3.097570e-14  6.294640e-15  0.000000e+00  0.000000e+00 -2.811860e-08
 -1.189720e-07  2.252220e-07  3.441970e-15  1.048340e-14 -3.079760e-14  6.717570e-15  0.000000e+00  0.000000e+00 -2.888990e-08
 -1.160600e-07  2.290340e-07  5.053580e-15  9.763840e-15 -3.061700e-14  7.129200e-15  0.000000e+00  0.000000e+00 -2.962420e-08
 -1.131470e-07  2.328210e-07  6.596360e-15  9.050200e-15 -3.043380e-14  7.529770e-15  0.000000e+00  0.000000e+00 -3.032170e-08
 -1.102320e-07  2.365830e-07  8.070630e-15  8.342340e-15 -3.024790e-14  7.919500e-15  0.000000e+00  0.000000e+00 -3.098260e-08
 -1.073170e-07  2.403210e-07  9.476740e-15  7.640190e-15 -3.005930e-14  8.298690e-15  0.000000e+00  0.000000e+00 -3.160710e-08
 -1.044010e-07  2.440330e-07  1.081500e-14  6.943830e-15 -2.986880e-14  8.667770e-15  0.000000e+00  0.000000e+00 -3.219530e-08
 -1.014840e-07  2.477210e-07  1.208580e-14  6.252900e-15 -2.967530e-14  9.026670e-15  0.000000e+00  0.000000e+00 -3.274750e-08
 -9.856740e-08  2.513820e-07  1.328950e-14  5.567630e-15 -2.948030e-14  9.376050e-15  0.000000e+00  0.000000e+00 -3.326390e-08
 -9.565040e-08  2.550180e-07  1.442650e-14  4.887720e-15 -2.928280e-14  9.715810e-15  0.000000e+00  0.000000e+00 -3.374460e-08
 -9.273360e-08  2.586290e-07  1.549710e-14  4.213200e-15 -2.908320e-14  1.004630e-14  0.000000e+00  0.000000e+00 -3.418990e-08
 -8.981730e-08  2.622130e-07  1.650170e-14  3.543950e-15 -2.888150e-14  1.036780e-14  0.000000e+00  0.000000e+00 -3.459990e-08
 -8.690160e-08  2.657700e-07  1.744070e-14  2.879950e-15 -2.867770e-14  1.068030e-14  0.000000e+00  0.000000e+00 -3.497490e-08
 -8.403820e-08  2.691760e-07  1.832520e-14  2.260890e-15 -2.844660e-14  1.095480e-14  0.000000e+00  0.000000e+00 -3.531270e-08
 -8.123450e-08  2.724110e-07  1.915700e-14  1.691200e-15 -2.818390e-14  1.118750e-14  0.000000e+00  0.000000e+00 -3.561310e-08
 -7.844150e-08  2.755960e-07  1.992650e-14  1.132550e-15 -2.791620e-14  1.140790e-14  0.000000e+00  0.000000e+00 -3.587880e-08
 -7.565950e-08  2.787310e-07  2.063390e-14  5.846370e-16 -2.764260e-14  1.161570e-14  0.000000e+00  0.000000e+00 -3.610980e-08
 -7.288870e-08  2.818170e-07  2.127970e-14  4.724990e-17 -2.736380e-14  1.181150e-14  0.000000e+00  0.000000e+00 -3.630650e-08
 -7.012910e-08  2.848520e-07  2.186420e-14 -4.798340e-16 -2.708040e-14  1.199590e-14  0.000000e+00  0.000000e+00 -3.646910e-08
 -6.738100e-08  2.878360e-07  2.238800e-14 -9.968420e-16 -2.679190e-14  1.216880e-14  0.000000e+00  0.000000e+00 -3.659790e-08
 -6.464440e-08  2.907710e-07  2.285130e-14 -1.503990e-15 -2.649840e-14  1.233060e-14  0.000000e+00  0.000000e+00 -3.669290e-08
 -6.191960e-08  2.936560e-07  2.325480e-14 -2.001490e-15 -2.620080e-14  1.248170e-14  0.000000e+00  0.000000e+00 -3.675470e-08
 -5.920660e-08  2.964900e-07  2.359870e-14 -2.489500e-15 -2.589820e-14  1.262210e-14  0.000000e+00  0.000000e+00 -3.678320e-08
 -5.650580e-08  2.992740e-07  2.388360e-14 -2.968190e-15 -2.559110e-14  1.275210e-14  0.000000e+00  0.000000e+00 -3.677890e-08
 -5.381720e-08  3.020090e-07  2.410980e-14 -3.437870e-15 -2.528050e-14  1.287240e-14  0.000000e+00  0.000000e+00 -3.674200e-08
 -5.114090e-08  3.046930e-07  2.427800e-14 -3.898620e-15 -2.496570e-14  1.298290e-14  0.000000e+00  0.000000e+00 -3.667280e-08
 -4.847720e-08  3.073270e-07  2.438840e-14 -4.350700e-15 -2.464730e-14  1.308410e-14  0.000000e+00  0.000000e+00 -3.657140e-08
 -4.582620e-08  3.099110e-07  2.444160e-14 -4.794140e-15 -2.432490e-14  1.317570e-14  0.000000e+00  0.000000e+00 -3.643830e-08
 -4.318800e-08  3.124450e-07  2.443810e-14 -5.229180e-15 -2.399880e-14  1.325840e-14  0.000000e+00  0.000000e+00 -3.627360e-08
 -4.056270e-08  3.149290e-07  2.437830e-14 -5.655910e-15 -2.366900e-14  1.333210e-14  0.000000e+00  0.000000e+00 -3.607760e-08
 -3.795060e-08  3.173630e-07  2.426280e-14 -6.074800e-15 -2.333700e-14  1.339780e-14  0.000000e+00  0.000000e+00 -3.585070e-08
 -3.535190e-08  3.197470e-07  2.409200e-14 -6.485490e-15 -2.300070e-14  1.345460e-14  0.000000e+00  0.000000e+00 -3.559300e-08
 -3.276650e-08  3.220810e-07  2.386650e-14 -6.888590e-15 -2.266200e-14  1.350360e-14  0.000000e+00  0.000000e+00 -3.530490e-08
 -3.020120e-08  3.242870e-07  2.365920e-14 -7.260040e-15 -2.227640e-14  1.353470e-14  0.000000e+00  0.000000e+00 -3.501930e-08
 -2.765680e-08  3.263540e-07  2.348080e-14 -7.597470e-15 -2.183970e-14  1.354740e-14  0.000000e+00  0.000000e+00 -3.474080e-08
 -2.512750e-08  3.283570e-07  2.326220e-14 -7.923740e-15 -2.139330e-14  1.355090e-14  0.000000e+00  0.000000e+00 -3.443870e-08
 -2.261350e-08  3.302950e-07  2.300400e-14 -8.239260e-15 -2.093790e-14  1.354560e-14  0.000000e+00  0.000000e+00 -3.411320e-08
 -2.011470e-08  3.321710e-07  2.270640e-14 -8.544470e-15 -2.047440e-14  1.353210e-14  0.000000e+00  0.000000e+00 -3.376450e-08
 -1.763140e-08  3.339830e-07  2.236980e-14 -8.839090e-15 -2.000170e-14  1.350990e-14  0.000000e+00  0.000000e+00 -3.339290e-08
 -1.516370e-08  3.357320e-07  2.199480e-14 -9.123540e-15 -1.952080e-14  1.347940e-14  0.000000e+00  0.000000e+00 -3.299860e-08
 -1.271180e-08  3.374180e-07  2.158160e-14 -9.398400e-15 -1.903270e-14  1.344140e-14  0.000000e+00  0.000000e+00 -3.258190e-08
 -1.027570e-08  3.390420e-07  2.113070e-14 -9.663370e-15 -1.853650e-14  1.339550e-14  0.000000e+00  0.000000e+00 -3.214300e-08
 -7.855600e-09  3.406030e-07  2.064250e-14 -9.919050e-15 -1.803340e-14  1.334220e-14  0.000000e+00  0.000000e+00 -3.168210e-08
 -5.451670e-09  3.421020e-07  2.011740e-14 -1.016520e-14 -1.752290e-14  1.328140e-14  0.000000e+00  0.000000e+00 -3.119960e-08
 -3.063980e-09  3.435400e-07  1.955580e-14 -1.040260e-14 -1.700600e-14  1.321380e-14  0.000000e+00  0.000000e+00 -3.069570e-08
 -6.927270e-10  3.449150e-07  1.895820e-14 -1.063090e-14 -1.648230e-14  1.313910e-14  0.000000e+00  0.000000e+00 -3.017060e-08
  1.662030e-09  3.462300e-07  1.832500e-14 -1.085080e-14 -1.595280e-14  1.305790e-14  0.000000e+00  0.000000e+00 -2.962460e-08
  4.000090e-09  3.474830e-07  1.765670e-14 -1.106180e-14 -1.541680e-14  1.296980e-14  0.000000e+00  0.000000e+00 -2.905800e-08
  6.321350e-09  3.486750e-07  1.695360e-14 -1.126480e-14 -1.487540e-14  1.287570e-14  0.000000e+00  0.000000e+00 -2.847110e-08
  8.625720e-09  3.498070e-07  1.621620e-14 -1.145930e-14 -1.432810e-14  1.277500e-14  0.000000e+00  0.000000e+00 -2.786410e-08
  1.091300e-08  3.508790e-07  1.544500e-14 -1.164570e-14 -1.377540e-14  1.266820e-14  0.000000e+00  0.000000e+00 -2.723730e-08
  1.318310e-08  3.518910e-07  1.464040e-14 -1.182470e-14 -1.321810e-14  1.255600e-14  0.000000e+00  0.000000e+00 -2.659090e-08
  1.543590e-08  3.528430e-07  1.380290e-14 -1.199580e-14 -1.265570e-14  1.243770e-14  0.000000e+00  0.000000e+00 -2.592540e-08
  1.768290e-08  3.536990e-07  1.300920e-14 -1.214870e-14 -1.206160e-14  1.231680e-14  0.000000e+00  0.000000e+00 -2.528310e-08
  1.992540e-08  3.544560e-07  1.227020e-14 -1.228190e-14 -1.143240e-14  1.219320e-14  0.000000e+00  0.000000e+00 -2.467010e-08
  2.215230e-08  3.551470e-07  1.151320e-14 -1.240640e-14 -1.079510e-14  1.206500e-14  0.000000e+00  0.000000e+00 -2.404620e-08
  2.436350e-08  3.557740e-07  1.073860e-14 -1.252180e-14 -1.014920e-14  1.193160e-14  0.000000e+00  0.000000e+00 -2.341170e-08
  2.655870e-08  3.563360e-07  9.946570e-15 -1.262930e-14 -9.496160e-15  1.179430e-14  0.000000e+00  0.000000e+00 -2.276660e-08
  2.873780e-08  3.568340e-07  9.137500e-15 -1.272790e-14 -8.835290e-15  1.165200e-14  0.000000e+00  0.000000e+00 -2.211130e-08
  3.090070e-08  3.572680e-07  8.311680e-15 -1.281890e-14 -8.167620e-15  1.150590e-14  0.000000e+00  0.000000e+00 -2.144580e-08
  3.304720e-08  3.576400e-07  7.469410e-15 -1.290170e-14 -7.493040e-15  1.135540e-14  0.000000e+00  0.000000e+00 -2.077050e-08
  3.517710e-08  3.579480e-07  6.610990e-15 -1.297690e-14 -6.812040e-15  1.120100e-14  0.000000e+00  0.000000e+00 -2.008540e-08
  3.729040e-08  3.581950e-07  5.736750e-15 -1.304400e-14 -6.124630e-15  1.104230e-14  0.000000e+00  0.000000e+00 -1.939090e-08
  3.938690e-08  3.583790e-07  4.846980e-15 -1.310410e-14 -5.431570e-15  1.088030e-14  0.000000e+00  0.000000e+00 -1.868700e-08
  4.146640e-08  3.585020e-07  3.942030e-15 -1.315700e-14 -4.732860e-15  1.071450e-14  0.000000e+00  0.000000e+00 -1.797400e-08
  4.352880e-08  3.585640e-07  3.022200e-15 -1.320220e-14 -4.028690e-15  1.054480e-14  0.000000e+00  0.000000e+00 -1.725220e-08
  4.557390e-08  3.585650e-07  2.087800e-15 -1.324120e-14 -3.319670e-15  1.037210e-14  0.000000e+00  0.000000e+00 -1.652160e-08
  4.760160e-08  3.585070e-07  1.139170e-15 -1.327290e-14 -2.605790e-15  1.019580e-14  0.000000e+00  0.000000e+00 -1.578260e-08
  4.961180e-08  3.583880e-07  1.766270e-16 -1.329830e-14 -1.887470e-15  1.001650e-14  0.000000e+00  0.000000e+00 -1.503530e-08
  5.160420e-08  3.582110e-07 -7.994910e-16 -1.331690e-14 -1.164900e-15  9.833850e-15  0.000000e+00  0.000000e+00 -1.428000e-08
  5.357880e-08  3.579750e-07 -1.788860e-15 -1.332940e-14 -4.384010e-16  9.648450e-15  0.000000e+00  0.000000e+00 -1.351680e-08
  5.553550e-08  3.576800e-07 -2.791170e-15 -1.333580e-14  2.918170e-16  9.460170e-15  0.000000e+00  0.000000e+00 -1.274590e-08
  5.747390e-08  3.573280e-07 -3.806050e-15 -1.333580e-14  1.025460e-15  9.268880e-15  0.000000e+00  0.000000e+00 -1.196770e-08
9 4 4 90 90.5000 179.5000 1.0000 C
  1.207260e-07  7.133330e-07 -1.045760e-14 -2.664500e-14  4.314020e-15  1.798230e-14  0.000000e+00  0.000000e+00 -2.172090e-08
  1.283300e-07  7.111290e-07 -1.410750e-14 -2.656450e-14  7.395870e-15  1.724890e-14  0.000000e+00  0.000000e+00 -1.885640e-08
  1.357940e-07  7.084640e-07 -1.776420e-14 -2.643860e-14  1.051080e-14  1.650470e-14  0.000000e+00  0.000000e+00 -1.598960e-08
  1.431160e-07  7.053470e-07 -2.142480e-14 -2.627050e-14  1.365460e-14  1.575150e-14  0.000000e+00  0.000000e+00 -1.312230e-08
  1.502930e-07  7.017860e-07 -2.508640e-14 -2.606110e-14  1.682220e-14  1.498960e-14  0.000000e+00  0.000000e+00 -1.025650e-08
  1.573230e-07  6.977910e-07 -2.874620e-14 -2.581260e-14  2.000920e-14  1.422000e-14  0.000000e+00  0.000000e+00 -7.394200e-09
  1.642030e-07  6.933700e-07 -3.240110e-14 -2.552710e-14  2.321150e-14  1.344380e-14  0.000000e+00  0.000000e+00 -4.537410e-09
  1.709300e-07  6.885340e-07 -3.604810e-14 -2.520640e-14  2.642470e-14  1.266210e-14  0.000000e+00  0.000000e+00 -1.688150e-09
  1.775030e-07  6.832910e-07 -3.968430e-14 -2.485250e-14  2.964490e-14  1.187570e-14  0.000000e+00  0.000000e+00  1.151560e-09
  1.839180e-07  6.776520e-07 -4.330650e-14 -2.446710e-14  3.286790e-14  1.108540e-14  0.000000e+00  0.000000e+00  3.979640e-09
  1.901770e-07  6.716360e-07 -4.674000e-14 -2.407500e-14  3.606400e-14  1.032270e-14  0.000000e+00  0.000000e+00  6.689650e-09
  1.962810e-07  6.652560e-07 -4.993880e-14 -2.368390e-14  3.922450e-14  9.595690e-15  0.000000e+00  0.000000e+00  9.253270e-09
  2.022210e-07  6.585130e-07 -5.305870e-14 -2.327240e-14  4.236790e-14  8.875980e-15  0.000000e+00  0.000000e+00  1.176520e-08
  2.079950e-07  6.514160e-07 -5.609900e-14 -2.284260e-14  4.549250e-14  8.164280e-15  0.000000e+00  0.000000e+00  1.422470e-08
  2.136010e-07  6.439760e-07 -5.905850e-14 -2.239510e-14  4.859400e-14  7.460650e-15  0.000000e+00  0.000000e+00  1.663100e-08
  2.190360e-07  6.362040e-07 -6.193660e-14 -2.193150e-14  5.167040e-14  6.765550e-15  0.000000e+00  0.000000e+00  1.898330e-08
  2.242980e-07  6.281090e-07 -6.473220e-14 -2.145180e-14  5.471640e-14  6.078940e-15  0.000000e+00  0.000000e+00  2.128100e-08
  2.293840e-07  6.197030e-07 -6.744450e-14 -2.095840e-14  5.773200e-14  5.401470e-15  0.000000e+00  0.000000e+00  2.352320e-08
  2.342930e-07  6.109970e-07 -7.007270e-14 -2.045100e-14  6.071050e-14  4.733070e-15  0.000000e+00  0.000000e+00  2.570920e-08
  2.390210e-07  6.020010e-07 -7.261580e-14 -1.993150e-14  6.365140e-14  4.074220e-15  0.000000e+00  0.000000e+00  2.783840e-08
  2.435190e-07  5.927660e-07 -7.497810e-14 -1.941010e-14  6.650750e-14  3.446420e-15  0.000000e+00  0.000000e+00  2.984790e-08
  2.477740e-07  5.833140e-07 -7.713560e-14 -1.889020e-14  6.926660e-14  2.854730e-15  0.000000e+00  0.000000e+00  3.172170e-08
  2.518270e-07  5.736180e-07 -7.917590e-14 -1.836320e-14  7.196580e-14  2.279360e-15  0.000000e+00  0.000000e+00  3.351710e-08
  2.556770e-07  5.636900e-07 -8.109950e-14 -1.782990e-14  7.460210e-14  1.720180e-15  0.000000e+00  0.000000e+00  3.523420e-08
  2.593210e-07  5.535400e-07 -8.290710e-14 -1.729170e-14  7.717680e-14  1.177150e-15  0.000000e+00  0.000000e+00  3.687340e-08
  2.627580e-07  5.431790e-07 -8.459950e-14 -1.674870e-14  7.968550e-14  6.500710e-16  0.000000e+00  0.000000e+00  3.843490e-08
  2.659870e-07  5.326180e-07 -8.617720e-14 -1.620180e-14  8.212650e-14  1.388630e-16  0.000000e+00  0.000000e+00  3.991900e-08
  2.690060e-07  5.218690e-07 -8.764100e-14 -1.565130e-14  8.449650e-14 -3.565830e-16  0.000000e+00  0.000000e+00  4.132610e-08
  2.718140e-07  5.109430e-07 -8.899180e-14 -1.509840e-14  8.679580e-14 -8.363470e-16  0.000000e+00  0.000000e+00  4.265630e-08
  2.744100e-07  4.998520e-07 -9.023020e-14 -1.454380e-14  8.902310e-14 -1.300550e-15  0.000000e+00  0.000000e+00  4.391020e-08
  2.767320e-07  4.886530e-07 -9.132580e-14 -1.401560e-14  9.108270e-14 -1.734110e-15  0.000000e+00  0.000000e+00  4.506020e-08
  2.787670e-07  4.773670e-07 -9.227230e-14 -1.352160e-14  9.295990e-14 -2.133900e-15  0.000000e+00  0.000000e+00  4.610030e-08
  2.805680e-07  4.659650e-07 -9.309960e-14 -1.303520e-14  9.473230e-14 -2.514160e-15  0.000000e+00  0.000000e+00  4.705680e-08
  2.821350e-07  4.544560e-07 -9.380910e-14 -1.255620e-14  9.639780e-14 -2.875200e-15  0.000000e+00  0.000000e+00  4.793070e-08
  2.834670e-07  4.428530e-07 -9.440250e-14 -1.208570e-14  9.796400e-14 -3.217610e-15  0.000000e+00  0.000000e+00  4.872280e-08
  2.845630e-07  4.311660e-07 -9.488110e-14 -1.162240e-14  9.942150e-14 -3.541470e-15  0.000000e+00  0.000000e+00  4.943420e-08
  2.854250e-07  4.194060e-07 -9.524650e-14 -1.116720e-14  1.007750e-13 -3.847290e-15  0.000000e+00  0.000000e+00  5.006580e-08
  2.860520e-07  4.075840e-07 -9.550030e-14 -1.071970e-14  1.020240e-13 -4.135350e-15  0.000000e+00  0.000000e+00  5.061850e-08
  2.864440e-07  3.957130e-07 -9.564400e-14 -1.027980e-14  1.031630e-13 -4.405840e-15  0.000000e+00  0.000000e+00  5.109350e-08
  2.866000e-07  3.838020e-07 -9.567940e-14 -9.848270e-15  1.042010e-13 -4.659360e-15  0.000000e+00  0.000000e+00  5.149180e-08
  2.864500e-07  3.719160e-07 -9.559330e-14 -9.425160e-15  1.050630e-13 -4.888710e-15  0.000000e+00  0.000000e+00  5.180270e-08
  2.859770e-07  3.600780e-07 -9.538440e-14 -9.010760e-15  1.057380e-13 -5.092670e-15  0.000000e+00  0.000000e+00  5.202470e-08
  2.852490e-07  3.482490e-07 -9.506790e-14 -8.604810e-15  1.062900e-13 -5.278620e-15  0.000000e+00  0.000000e+00  5.216990e-08
  2.842680e-07  3.364420e-07 -9.464610e-14 -8.206860e-15  1.067160e-13 -5.446700e-15  0.000000e+00  0.000000e+00  5.223970e-08
  2.830350e-07  3.246650e-07 -9.412090e-14 -7.817260e-15  1.070190e-13 -5.597560e-15  0.000000e+00  0.000000e+00  5.223540e-08
  2.815530e-07  3.129300e-07 -9.349440e-14 -7.436350e-15  1.072060e-13 -5.731850e-15  0.000000e+00  0.000000e+00  5.215850e-08
  2.798230e-07  3.012460e-07 -9.276880e-14 -7.063450e-15  1.072680e-13 -5.849460e-15  0.000000e+00  0.000000e+00  5.201040e-08
  2.778470e-07  2.896260e-07 -9.194620e-14 -6.698920e-15  1.072080e-13 -5.951010e-15  0.000000e+00  0.000000e+00  5.179250e-08
  2.756280e-07  2.780790e-07 -9.102890e-14 -6.343060e-15  1.070340e-13 -6.037150e-15  0.000000e+00  0.000000e+00  5.150630e-08
  2.731670e-07  2.666150e-07 -9.001890e-14 -5.995490e-15  1.067370e-13 -6.107880e-15  0.000000e+00  0.000000e+00  5.115320e-08
  2.704080e-07  2.552980e-07 -8.891990e-14 -5.664000e-15  1.062670e-13 -6.160750e-15  0.000000e+00  0.000000e+00  5.073460e-08
  2.673400e-07  2.441480e-07 -8.773420e-14 -5.349430e-15  1.055990e-13 -6.194830e-15  0.000000e+00  0.000000e+00  5.025180e-08
  2.640230e-07  2.331270e-07 -8.646300e-14 -5.045570e-15  1.048070e-13 -6.214410e-15  0.000000e+00  0.000000e+00  4.970670e-08
  2.604590e-07  2.222450e-07 -8.510850e-14 -4.751660e-15  1.038810e-13 -6.219250e-15  0.000000e+00  0.000000e+00  4.910080e-08
  2.566530e-07  2.115100e-07 -8.367310e-14 -4.467810e-15  1.028290e-13 -6.210080e-15  0.000000e+00  0.000000e+00  4.843560e-08
  2.526090e-07  2.009310e-07 -8.215890e-14 -4.194080e-15  1.016580e-13 -6.187650e-15  0.000000e+00  0.000000e+00  4.771270e-08
  2.483310e-07  1.905180e-07 -8.056840e-14 -3.930140e-15  1.003660e-13 -6.152150e-15  0.000000e+00  0.000000e+00  4.693370e-08
  2.438220e-07  1.802800e-07 -7.890380e-14 -3.675740e-15  9.895290e-14 -6.103790e-15  0.000000e+00  0.000000e+00  4.610010e-08
  2.390880e-07  1.702270e-07 -7.716760e-14 -3.430910e-15  9.742470e-14 -6.043290e-15  0.000000e+00  0.000000e+00  4.521370e-08
  2.341320e-07  1.603670e-07 -7.536210e-14 -3.195550e-15  9.578470e-14 -5.971120e-15  0.000000e+00  0.000000e+00  4.427610e-08
  2.289160e-07  1.507550e-07 -7.349680e-14 -2.970850e-15  9.398490e-14 -5.886320e-15  0.000000e+00  0.000000e+00  4.329130e-08
  2.234360e-07  1.414070e-07 -7.157540e-14 -2.757270e-15  9.203060e-14 -5.789790e-15  0.000000e+00  0.000000e+00  4.226160e-08
  2.177380e-07  1.322890e-07 -6.959340e-14 -2.553020e-15  8.995980e-14 -5.682440e-15  0.000000e+00  0.000000e+00  4.118610e-08
  2.118290e-07  1.234100e-07 -6.755290e-14 -2.357920e-15  8.777650e-14 -5.564730e-15  0.000000e+00  0.000000e+00  4.006630e-08
  2.057150e-07  1.147750e-07 -6.545630e-14 -2.171830e-15  8.548480e-14 -5.437110e-15  0.000000e+00  0.000000e+00  3.890400e-08
  1.994010e-07  1.063940e-07 -6.330550e-14 -1.994450e-15  8.308370e-14 -5.299710e-15  0.000000e+00  0.000000e+00  3.770080e-08
  1.928930e-07  9.827270e-08 -6.110290e-14 -1.825780e-15  8.058240e-14 -5.153280e-15  0.000000e+00  0.000000e+00  3.645810e-08
  1.861990e-07  9.041910e-08 -5.885070e-14 -1.665660e-15  7.798480e-14 -4.998270e-15  0.000000e+00  0.000000e+00  3.517770e-08
  1.793240e-07  8.284050e-08 -5.655110e-14 -1.513830e-15  7.528960e-14 -4.834780e-15  0.000000e+00  0.000000e+00  3.386110e-08
  1.722740e-07  7.554440e-08 -5.420640e-14 -1.370140e-15  7.250060e-14 -4.663220e-15  0.000000e+00  0.000000e+00  3.251010e-08
  1.650340e-07  6.857060e-08 -5.182080e-14 -1.234170e-15  6.960000e-14 -4.483660e-15  0.000000e+00  0.000000e+00  3.112780e-08
  1.576060e-07  6.193040e-08 -4.939680e-14 -1.105840e-15  6.659480e-14 -4.296830e-15  0.000000e+00  0.000000e+00  2.971590e-08
  1.500210e-07  5.559810e-08 -4.693470e-14 -9.851210e-16  6.349930e-14 -4.102800e-15  0.000000e+00  0.000000e+00  2.827480e-08
  1.422850e-07  4.957880e-08 -4.443670e-14 -8.719990e-16  6.032410e-14 -3.902360e-15  0.000000e+00  0.000000e+00  2.680590e-08
  1.344070e-07  4.387800e-08 -4.190500e-14 -7.663580e-16  5.707400e-14 -3.695950e-15  0.000000e+00  0.000000e+00  2.531090e-08
  1.263950e-07  3.850080e-08 -3.934160e-14 -6.680070e-16  5.374830e-14 -3.483620e-15  0.000000e+00  0.000000e+00  2.379120e-08
  1.182560e-07  3.345240e-08 -3.674900e-14 -5.769140e-16  5.035750e-14 -3.266170e-15  0.000000e+00  0.000000e+00  2.224870e-08
  1.099980e-07  2.873790e-08 -3.412920e-14 -4.929030e-16  4.690060e-14 -3.043640e-15  0.000000e+00  0.000000e+00  2.068480e-08
  1.016290e-07  2.436240e-08 -3.148450e-14 -4.158730e-16  4.338240e-14 -2.816450e-15  0.000000e+00  0.000000e+00  1.910120e-08
  9.315710e-08  2.033100e-08 -2.881700e-14 -3.457780e-16  3.981360e-14 -2.585400e-15  0.000000e+00  0.000000e+00  1.749950e-08
  8.458300e-08  1.666640e-08 -2.613030e-14 -2.822350e-16  3.618620e-14 -1.316050e-15  0.000000e+00  0.000000e+00  1.588210e-08
  7.591540e-08  1.337260e-08 -2.342640e-14 -2.251610e-16  3.250530e-14  9.276300e-16  0.000000e+00  0.000000e+00  1.425050e-08
  6.717000e-08  1.043450e-08 -2.070620e-14 -1.746670e-16  2.877720e-14  2.985930e-15  0.000000e+00  0.000000e+00  1.260560e-08
  5.835570e-08  7.854710e-09 -1.797190e-14 -1.307610e-16  2.501940e-14  4.735800e-15  0.000000e+00  0.000000e+00  1.094880e-08
  4.948150e-08  5.636040e-09 -1.522560e-14 -9.330180e-17  2.122520e-14  6.051830e-15  0.000000e+00  0.000000e+00  9.281830e-09
  4.055610e-08  3.780970e-09 -1.246930e-14 -6.225560e-17  1.740610e-14  6.811450e-15  0.000000e+00  0.000000e+00  7.606160e-09
  3.158880e-08  2.292100e-09 -9.705300e-15 -3.753420e-17  1.356140e-14  6.888600e-15  0.000000e+00  0.000000e+00  5.923390e-09
  2.258820e-08  1.171890e-09 -6.935550e-15 -1.909300e-17  9.702700e-15  6.162330e-15  0.000000e+00  0.000000e+00  4.235040e-09
  1.356320e-08  4.227460e-10 -4.162170e-15 -6.846560e-18  5.823120e-15  4.500900e-15  0.000000e+00  0.000000e+00  2.542660e-09
  4.523100e-09  4.706800e-11 -1.387340e-15 -7.599730e-19  1.946320e-15  1.793670e-15  0.000000e+00  0.000000e+00  8.478500e-10
